Date,Open,High,Low,Close
09-01-17,410.75,416.75,408.75,414.75
08-31-17,403.5,411,402.75,410.25
08-30-17,403,407,400,403.5
08-29-17,400.5,404,394.5,402.75
08-28-17,406.25,410,398.75,400
08-25-17,409,412.75,408.5,409.5
08-24-17,403.25,411.25,400.75,409
08-23-17,402.5,408.5,401.25,403.25
08-22-17,410.75,413,402,402.25
08-21-17,414.5,418.75,408.75,409.5
08-18-17,414,417.75,412,416
08-17-17,419.5,422.25,412.25,414
08-16-17,429.5,435.75,417,419.25
08-15-17,440,440.25,428,429.5
08-14-17,436.5,441.75,431,441
08-11-17,441.5,444,434.5,439.25
08-10-17,459.5,462,439.25,440.5
08-09-17,457.25,461.5,454,459.5
08-08-17,463.75,468,454.75,457
08-07-17,457.75,464,454.25,463.5
08-04-17,457.75,461.5,453.5,454.75
08-03-17,461,463.75,454.25,457.75
08-02-17,462,466.75,455.75,460.75
08-01-17,469,478,460.5,461.25
07-31-17,478.75,480.75,471.5,474.5
07-28-17,480.25,489.25,478,481
07-27-17,478.25,485.5,477.5,479.75
07-26-17,476,481,473,477.75
07-25-17,494.75,495.25,473.25,474
07-24-17,496.25,496.5,483,488.75
07-21-17,506.5,510.25,497.5,499.25
07-20-17,504.5,508.25,495,505.75
07-19-17,504,509,500,503
07-18-17,509,517.75,503,503.75
07-17-17,509.5,512,502.75,506
07-14-17,494.75,494.75,494.75,494.75
07-13-17,516,516,496,495.5
07-12-17,533.5,534.25,521.5,522.5
07-11-17,531.25,531.25,528.5,535.5
07-10-17,530.75,531,530.5,530.5
07-07-17,515.75,524,514.5,515.25
07-06-17,519,528.75,519,519
07-05-17,544.5,553.5,517.5,539.25
07-03-17,518.25,539,518.25,536.75
06-30-17,480.25,511.5,480.25,511
06-29-17,457,483.75,456.25,480.25
06-28-17,453.5,459.25,451.5,457.25
06-27-17,450,457,449.25,453.25
06-26-17,458,460.75,449.25,450
06-23-17,464.75,467,459,459.75
06-22-17,464.5,465.25,455.5,461.25
06-21-17,473.5,473.75,463.5,464.5
06-20-17,469,474.75,463,472.5
06-19-17,463.75,473.25,458.5,467
06-16-17,456,468.5,455.5,465.25
06-15-17,443,457.25,437.25,453.75
06-14-17,445,452.25,441.75,443
06-13-17,437.25,446.25,436.75,445
06-12-17,443.25,444,431.25,434
06-09-17,448.75,454.25,443.75,445.75
06-08-17,447.25,455.75,446,449.25
06-07-17,438,448.75,437.5,444.75
06-06-17,429.25,440.75,429.25,435.75
06-05-17,428.75,433.25,425.5,429.5
06-02-17,428,434,426.5,429.5
06-01-17,429.5,431.25,421.25,429
05-31-17,433.5,436.25,428.25,429.25
05-30-17,438.5,439.25,426.25,429.5
05-26-17,430.25,439,429.25,438.25
05-25-17,431.5,436,430.25,430.75
05-24-17,429.25,433,427.5,432.5
05-23-17,433.5,435.75,428,429.5
05-22-17,437,442.5,434,434.25
05-19-17,425.25,436.75,425.25,435.25
05-18-17,429.25,429.25,421.25,425.75
05-17-17,423,432.25,421.5,427
05-16-17,423.25,426,420.25,424.25
05-15-17,430.25,431,421.5,423.25
05-12-17,445.25,445.25,416.25,425
05-11-17,425.75,434,425.75,426
05-10-17,424,424,420.75,424
05-09-17,421,423.25,420.5,421.75
05-08-17,426,426,421.25,418
05-05-17,428,428,428,427.5
05-04-17,442,442,425.75,426
05-03-17,442,442,440,443
05-02-17,445.75,450.75,440,441.5
05-01-17,423.75,442.25,423.75,442.75
04-28-17,413,418.5,413,418.5
04-27-17,407,415,406,413.5
04-26-17,409,413.75,405.75,407.75
04-25-17,402.75,411,398.5,408.75
04-24-17,406.5,408.5,401.25,402.5
04-21-17,406,408,400,405
04-20-17,418,421.75,405.25,406.25
04-19-17,421.5,425.75,417.5,419
04-18-17,421.75,423.75,419,422.5
04-17-17,430.25,431.25,419.75,421
04-13-17,432.5,436,428.75,429.75
04-12-17,433.75,436.5,431.5,433.25
04-11-17,428,434.75,423.75,433.25
04-10-17,423.75,429,422.5,428.75
04-07-17,422.75,425.25,419.5,424
04-06-17,429,430.75,421.75,423.25
04-05-17,427.25,430.5,425,429.75
04-04-17,426.75,432.25,425.75,427
04-03-17,430.25,434,427,427.75
03-31-17,422,432.25,416.5,426.5
03-30-17,425.5,426.25,419.5,421
03-29-17,424,427.5,422.5,425.5
03-28-17,421,425.75,419.25,424.5
03-27-17,426,426,418.25,420.75
03-24-17,421.5,426.25,420.75,424.75
03-23-17,421.5,424.75,420,421
03-22-17,427,427.25,421.25,422.25
03-21-17,430.5,430.5,423,426.5
03-20-17,439.25,442.75,429,430.25
03-17-17,434.75,437.75,433,436.25
03-16-17,436,440.75,434.5,436
03-15-17,431,437,430.5,436
03-14-17,412.25,413,412,412
03-13-17,419.5,419.5,412.5,412.25
03-10-17,428,428,423.75,422.75
03-09-17,432,432.5,425,426
03-08-17,431.5,431.5,426,427.5
03-07-17,440,440,432.25,436
03-06-17,436,441.75,436,438.25
03-03-17,430.25,434.25,429,433.75
03-02-17,436.75,437.75,432.75,432
03-01-17,424.25,435.5,422.75,435.5
02-28-17,420,435.5,419.5,424.75
02-27-17,430,431,418.25,418.75
02-24-17,438.25,438.5,430,431.25
02-23-17,441.25,444.25,436.25,438
02-22-17,436,443,435.25,441.25
02-21-17,439.75,440.75,435,436
02-17-17,445.5,447.5,440.25,441
02-16-17,453.5,464.25,445.25,447.75
02-15-17,449,455.5,446.25,454.75
02-14-17,450.5,452,446.25,449.5
02-13-17,447.75,456,444.25,452.25
02-10-17,442.5,450.75,441,449
02-09-17,430.5,444,429.5,443.5
02-08-17,430.5,433.25,427.5,432.5
02-07-17,422.5,431,419.75,430.75
02-06-17,429,432.25,422.25,422.5
02-03-17,434.5,435.75,429.25,430.25
02-02-17,432.75,437.75,429.75,434.5
02-01-17,421,434.5,417,433.75
01-31-17,414,421.25,413,420.75
01-30-17,417.5,419.25,412.75,414
01-27-17,426.5,427.5,419.25,420.5
01-26-17,425.25,430.5,421.75,427
01-25-17,425.75,428.75,423,424.5
01-24-17,433,434.75,426,426.75
01-23-17,429,433.75,427.5,433.25
01-20-17,423.5,428.75,421.5,428.25
01-19-17,430.5,430.75,422.75,423.5
01-18-17,433.25,434.5,428.25,431
01-17-17,426.5,437.5,423.75,433.5
01-13-17,426.25,426.75,419.25,426
01-12-17,419,430,414.5,426.25
01-11-17,426.25,426.25,412,418.75
01-10-17,426.75,427.25,423.5,426.75
01-09-17,424.75,428.25,421,427.25
01-06-17,425.75,428,421.75,423.25
01-05-17,418.75,427,416.25,426.25
01-04-17,406.5,419,404.75,418.5
01-03-17,408.75,414,405.75,406.5
12-30-16,404.75,409.25,403.5,408
12-29-16,402.5,406.75,402.5,404.75
12-28-16,409.75,410,400.25,401.5
12-27-16,394.5,411,394.5,409.5
12-23-16,397,398.25,392.75,393.5
12-22-16,399.25,400.5,396.5,397
12-21-16,402.5,404.5,399,399.5
12-20-16,406,407.75,400.25,403.25
12-19-16,412.25,413,403,405
12-16-16,407.75,411,404.5,409.25
12-15-16,418,418.25,408.5,409.25
12-14-16,397.25,397.25,397.25,391.5
12-13-16,400.5,404,400.5,398
12-12-16,397.75,397.75,397.5,401.25
12-09-16,395.5,395.5,395.5,400.25
12-08-16,396.5,396.5,389.75,390.75
12-07-16,389,389,385,386.25
12-06-16,393,393,388.25,389.5
12-05-16,389.75,394,389.25,389.25
12-02-16,373,387.5,371.5,387.5
12-01-16,376.5,379.75,369.5,371.5
11-30-16,384.25,391.5,380,380.5
11-29-16,389,389,382.75,384
11-28-16,396.25,397,388.75,389.5
11-25-16,401.75,403.75,394.5,395.75
11-23-16,407,407.25,396.25,401.5
11-22-16,410,412.25,405,407.25
11-21-16,409,412,404.5,410.25
11-18-16,403,410,400.25,408
11-17-16,397.75,406,396.5,403
11-16-16,399.25,401,396.75,397
11-15-16,394,402,392.75,399
11-14-16,402.75,403.75,392.5,394
11-11-16,404.25,407.5,401,403
11-10-16,409.5,414.25,402,404.75
11-09-16,416.5,417.75,403.75,406.75
11-08-16,410.5,419.75,408.25,415.25
11-07-16,414.25,415.75,406.5,410
11-04-16,414,415.25,410.25,414.25
11-03-16,417.5,420,409,412
11-02-16,414.5,420.25,412,417.75
11-01-16,416.25,418.25,410.75,414.25
10-31-16,411.5,417,408.75,416.25
10-28-16,416.25,417.5,407.25,408.5
10-27-16,411.5,418.75,411.25,414.5
10-26-16,404,414,402.75,411.5
10-25-16,403.75,406.75,398.75,404.25
10-24-16,414.25,416.75,400.75,402.5
10-21-16,417,418.5,413.25,414.5
10-20-16,419.5,422.75,415.25,417
10-19-16,420.5,422.25,413,420.25
10-18-16,425,425.5,418.25,420
10-17-16,418.25,425.75,416,423.75
10-14-16,415.25,428.25,414.75,421
10-13-16,396.5,417,396.5,416
10-12-16,405.25,414,396,396.75
10-11-16,402.75,408.75,401.25,407.25
10-10-16,396,405.25,395.75,403.75
10-07-16,397.75,401,394.25,394.75
10-06-16,407,409.5,393.5,395.75
10-05-16,395,408.5,392,405
10-04-16,396.5,398.25,392.5,395.5
10-03-16,399.75,401.75,391.5,395.5
09-30-16,398.5,403.75,390,402
09-29-16,401.75,406.75,397.75,399
09-28-16,404.5,407.25,401.75,403.25
09-27-16,397.25,405,394,404
09-26-16,401.75,407,395.25,396
09-23-16,403.75,409.5,401.25,404.75
09-22-16,405.25,411.75,404.25,405.5
09-21-16,405,409,402.25,407.75
09-20-16,402.25,410,401.5,406
09-19-16,404,409,399.75,404
09-16-16,398,404.75,393.75,403.25
09-15-16,401,406.75,398,399.5
09-14-16,376.75,376.75,376.75,376.75
09-13-16,383,383,379.25,374.75
09-12-16,382,384.5,381.5,383.25
09-09-16,376.75,376.75,376.75,376
09-08-16,375.5,375.5,375.5,377
09-07-16,371.75,376.75,371.75,375.25
09-06-16,371,376.5,369.75,371
09-02-16,368.25,374.25,367.25,373.25
09-01-16,363,369,362.5,368.25
08-31-16,363.5,367,359.5,361
08-30-16,370,374.25,361.5,363.25
08-29-16,383.5,384,369.5,370.5
08-26-16,401.25,402.25,381,383.5
08-25-16,404.5,407.75,400.75,401.25
08-24-16,407.75,409.25,402.5,404
08-23-16,415,415,406.75,407.75
08-22-16,427,429.25,414,415.25
08-19-16,426.25,432.5,422.5,427
08-18-16,424.5,428,420,427
08-17-16,423,428.5,419.5,426
08-16-16,420,428,414.5,423.5
08-15-16,421.25,430,417.25,422
08-12-16,416,423.25,406,422.5
08-11-16,420,424,413.5,416.25
08-10-16,416.5,427.5,414.5,421.75
08-09-16,415,419.25,411.5,417
08-08-16,418.5,423.5,411.5,417
08-05-16,403.25,418.5,403,416
08-04-16,410.5,416,402.5,403.25
08-03-16,402,415,401,410.25
08-02-16,406,410.5,399.25,401.25
08-01-16,407.75,415.5,404.75,406
07-29-16,411.5,412.75,403.5,407.75
07-28-16,414.5,420,408.25,410.25
07-27-16,416.75,421,414,414.75
07-26-16,427.5,429.25,414,415
07-25-16,425.75,435.25,421,429
07-22-16,417.25,427,407,425.25
07-21-16,414,419.75,408.75,417.75
07-20-16,419.25,423.75,406.5,413
07-19-16,427.75,428.25,416.25,418
07-18-16,425,431.75,420.25,429.5
07-15-16,434,439.75,424,424.75
07-14-16,431.25,431.25,431.25,421.75
07-13-16,430,434,427,426.25
07-12-16,416.25,417.25,415.5,424
07-11-16,423.5,423.75,416.25,416.25
07-08-16,421,424,421,420.75
07-07-16,417.25,421.25,410.75,412
07-06-16,415.25,418.75,408,415.75
07-05-16,416.25,418.25,405,419.5
07-01-16,430.25,431,414.25,416.25
06-30-16,429.75,438.75,423,431.25
06-29-16,443.75,447.25,428.5,429.5
06-28-16,446.25,454.75,442.75,443.75
06-27-16,454.75,460,446,446.75
06-24-16,454.5,456,441.75,454.75
06-23-16,458.25,461.5,453.25,454.25
06-22-16,460,465.25,458.25,458.75
06-21-16,473,476.5,457.25,458.5
06-20-16,480.5,480.75,472.25,473
06-17-16,473.75,482.5,472.5,481.25
06-16-16,477.5,479.5,471,472.5
06-15-16,485,489.75,477,477.5
06-14-16,491.5,493.5,481.25,485
06-13-16,495.5,503.25,490.75,491.25
06-10-16,510.25,512.5,494.25,495
06-09-16,518.75,519,506,510.25
06-08-16,507.25,524,506,519.5
06-07-16,507,513.5,500.75,509
06-06-16,496,514.75,496,507.5
06-03-16,484.25,498.25,482.25,497.25
06-02-16,473.5,487,472.75,485.5
06-01-16,464.5,474.75,463,473.75
05-31-16,481,483.75,463.5,464.5
05-27-16,481.25,484.75,478.5,481.5
05-26-16,465.75,482.25,465.5,481.25
05-25-16,464,469,463,466
05-24-16,462.25,470,457.75,464
05-23-16,466,469,461,462
05-20-16,467.75,474.5,464.25,467.75
05-19-16,478.5,479.5,462.5,468.75
05-18-16,481.25,484.75,477,480
05-17-16,472.75,484.5,472.75,481.75
05-16-16,474,476.5,467.5,474.75
05-13-16,458,466,458,465
05-12-16,452.5,458.25,452.5,458.5
05-11-16,454,454,452,449.5
05-10-16,450,458.75,446.75,451.5
05-09-16,454.75,454.75,446,447
05-06-16,453.5,458.5,453.5,453.25
05-05-16,460,461.5,452.75,453
05-04-16,460.75,465.25,460,460.5
05-03-16,480,481.5,458.25,459.75
05-02-16,476,479,471.75,477
04-29-16,472.25,480.5,470.5,478
04-28-16,474.75,486.75,472,475.5
04-27-16,478,482,471.5,474.25
04-26-16,471,480.5,467,479.75
04-25-16,466.75,478.75,462,471.25
04-22-16,494,494,465.25,467
04-21-16,503,510.75,490.75,495.75
04-20-16,485.5,504.75,484.75,504.25
04-19-16,473,487.75,471,486.25
04-18-16,461.75,477,460.5,472.75
04-15-16,459.25,462.25,454.75,459.75
04-14-16,461.5,465.5,454.25,459.75
04-13-16,452.5,466.75,450,461.5
04-12-16,448,457,446.5,452.5
04-11-16,458,458.75,446,447.25
04-08-16,457.5,462.5,456.25,460.25
04-07-16,463,465.25,456.75,457
04-06-16,473,473.75,461.5,463
04-05-16,475,476.5,470,474
04-04-16,476,479,470.25,474.75
04-01-16,473.25,476.25,466.25,475.75
03-31-16,464,475,455.25,473.5
03-30-16,476,477.5,463,464
03-29-16,471,477.5,470.5,476.75
03-28-16,465.75,477.25,463.5,471
03-24-16,463.5,464.5,458.5,463
03-23-16,467.5,468,462.5,463
03-22-16,466.5,470.5,463.25,466.75
03-21-16,468.75,472,463.75,466.5
03-18-16,463,464.25,457.5,463
03-17-16,471.5,476,460.25,462.5
03-16-16,476.75,477,469.75,470.75
03-15-16,478.5,479.25,473,477.25
03-14-16,469,473.5,469,471.5
03-11-16,472.5,472.75,467.75,469.75
03-10-16,463.25,470.25,463.25,471.5
03-09-16,461,463.75,454.75,463.75
03-08-16,454.75,461.25,454.75,461.25
03-07-16,460,462.25,459,457.75
03-04-16,454.25,458.5,453.25,454.75
03-03-16,442.75,456.5,442.75,453.25
03-02-16,440,443,435.25,442.75
03-01-16,445,446.75,437.75,438.5
02-29-16,446.25,448.5,443,445
02-26-16,445,447.25,439.5,443.25
02-25-16,443.25,446.75,440.5,445.25
02-24-16,447.5,448,438,442.75
02-23-16,458,459.25,447.5,448
02-22-16,461,463.25,458,458.5
02-19-16,462,464.25,460,461.75
02-18-16,468.75,468.75,461.75,462.25
02-17-16,463.75,470,462.5,468.5
02-16-16,460.25,465,459.75,464.25
02-12-16,458.75,462,455,457.5
02-11-16,460.5,465.75,457.75,458.25
02-10-16,457.75,462.75,456.5,461.25
02-09-16,458.75,460.25,455,457.5
02-08-16,466,468.75,457.5,458.5
02-05-16,473.75,474,465.5,466.75
02-04-16,479,482.5,472.5,472.75
02-03-16,475.75,480.5,474.5,480
02-02-16,475.75,483,473.25,475.25
02-01-16,476.25,477,471.25,475.25
01-29-16,472.25,479.75,470.75,479.25
01-28-16,477,477,470.5,472.25
01-27-16,484.75,485.75,473.5,476.5
01-26-16,481.5,488.5,478,484.75
01-25-16,476,483.75,475.5,481.5
01-22-16,475.5,480,472.5,475.5
01-21-16,473,480,470.5,475
01-20-16,473,475.5,467.25,471.5
01-19-16,475,479,470.5,474.5
01-15-16,468.75,474.5,465,473.75
01-14-16,478,478,468,468.75
01-13-16,480.5,484.25,476.5,478
01-12-16,470.25,483.25,462.5,481.25
01-11-16,481.25,481.5,466.5,469
01-08-16,468.25,480,467.5,478.5
01-07-16,464,469,456.25,468.5
01-06-16,461.25,465.75,456.75,462.75
01-05-16,460.25,464.75,458.5,461.25
01-04-16,472.75,473.5,456,458.25
12-31-15,469.75,472.5,468.75,470
12-30-15,476.5,479.5,469.25,469.75
12-29-15,467.5,476.75,467,475.75
12-28-15,468,472.5,466,466.5
12-24-15,468.5,471.75,467.25,467.5
12-23-15,472.5,475,468,469.5
12-22-15,480,482.75,471.25,471.75
12-21-15,486,491,478.25,479
12-18-15,486,499,481,486.75
12-17-15,482.75,488.25,472.25,484
12-16-15,493.25,497,483.25,483.5
12-15-15,491,498,486.25,494.25
12-14-15,488,490.5,488,487.75
12-11-15,487.5,491.25,480,482.75
12-10-15,478.5,487.75,476.75,484.5
12-09-15,469.75,479.75,469.75,478
12-08-15,471,471.75,466.5,470.75
12-07-15,474.75,474.75,471.25,470.25
12-04-15,465,470.75,465,471.25
12-03-15,452,469,452,464.75
12-02-15,458.25,459,451.25,452.25
12-01-15,460,464,456.5,456.5
11-30-15,460.75,464.75,458.75,460
11-27-15,479,479.5,465,465.75
11-25-15,484,487.5,479,479.25
11-24-15,494.75,495,483.25,484.25
11-23-15,485,497.25,484,495
11-20-15,489.5,494.75,486.5,488.5
11-19-15,483.25,492.75,481.5,490.75
11-18-15,487.5,490.25,480.5,483.25
11-17-15,493.5,494,484.5,487.5
11-16-15,494.75,498,490,494
11-13-15,496.25,499.75,491.25,495.75
11-12-15,495,500.5,492.5,498
11-11-15,491,498,490,494.75
11-10-15,502,504,488,490.75
11-09-15,520.5,521.25,501.25,501.75
11-06-15,524.5,526,517.75,523.25
11-05-15,524.25,529,520.25,526.25
11-04-15,516,530.75,508.25,526.25
11-03-15,507.5,517,505.75,516.5
11-02-15,520,522.75,506.75,508
10-30-15,515.25,523.5,515,522
10-29-15,506,517.5,505,515
10-28-15,507.75,508.75,500,506
10-27-15,510,518,506.5,509.25
10-26-15,493.25,512,493.25,509
10-23-15,490.75,494,484.75,490.5
10-22-15,494.75,500.75,490.5,490.75
10-21-15,491.75,497.5,490.25,494.75
10-20-15,486.25,491.75,483.25,491.25
10-19-15,491.25,493.5,484.25,485.75
10-16-15,502.25,506,489.75,492.25
10-15-15,507.75,512.75,502,502.5
10-14-15,518.5,519.75,507.5,508.25
10-13-15,506.75,521.75,505,519
10-12-15,507.75,510.5,503.25,506.75
10-09-15,511,519.5,504,509.25
10-08-15,516,522,509.25,511.5
10-07-15,525.75,531.5,515,516.75
10-06-15,514,527,513,526.25
10-05-15,512.25,518,508.75,515.5
10-02-15,517.75,523,511.75,513.25
10-01-15,512,523.75,511.75,518.25
09-30-15,503.25,515.5,498.25,512.75
09-29-15,506,509.75,500.5,503.75
09-28-15,508.5,515.5,500,505.5
09-25-15,497.75,510.5,496.25,507.75
09-24-15,507,509,496.75,497.25
09-23-15,494.5,508.5,493.75,507.5
09-22-15,496.5,496.75,488.25,495.5
09-21-15,485.75,499.25,480.5,496.75
09-18-15,481.25,488.75,480,486.75
09-17-15,488.25,489.75,480.5,481.5
09-16-15,494.75,495.25,483,488.25
09-15-15,500,503.25,492.25,494.75
09-14-15,483.75,493,483.75,485.75
09-11-15,468.5,474.5,460.75,475.5
09-10-15,462.75,468.75,462.75,468
09-09-15,465.5,470.25,463,462
09-08-15,456.75,467.5,456.75,465.25
09-04-15,456.75,459,455.5,457.75
09-03-15,473.5,473.5,456,456.5
09-02-15,483.75,485.75,469.25,473
09-01-15,482,488.75,481,484
08-31-15,477,484,470.75,482.5
08-28-15,484.75,487.5,476,477
08-27-15,490.25,495.5,481.75,484.25
08-26-15,498,499.75,488.5,489.75
08-25-15,504.75,511.25,492.5,495
08-24-15,498.75,504.5,486.75,503.25
08-21-15,504,507,495.75,499.5
08-20-15,495.25,507.75,495.25,506.25
08-19-15,495,498.5,491,496.25
08-18-15,499.5,503.25,493.25,494.25
08-17-15,504.75,509.25,498.5,500.5
08-14-15,503.25,512.25,497.75,506.5
08-13-15,493,504.75,492,503.25
08-12-15,507.25,514.75,484,492.25
08-11-15,522.5,524.25,504,507.25
08-10-15,512,530,509.25,525.5
08-07-15,507.75,514,503.75,510.5
08-06-15,502,514,498.25,507
08-05-15,494.25,504.5,492,502
08-04-15,499,506.75,491.25,493.5
08-03-15,497.25,501.75,490.5,499
07-31-15,496.75,503.5,495.75,499.25
07-30-15,495.75,504.75,493.75,496.5
07-29-15,512,512.5,495.5,496.25
07-28-15,502.5,512.5,501.75,510.75
07-27-15,511,511.75,501.25,502.5
07-24-15,520.75,523.75,509.5,511.75
07-23-15,516.75,527,516.5,521.5
07-22-15,524,528.25,515.25,516.75
07-21-15,533.5,537.75,523.75,524.75
07-20-15,553,553,530.5,532.75
07-17-15,561.75,561.75,546,554
07-16-15,567.5,574,561.5,562.25
07-15-15,569.5,569.75,558.5,566.75
07-14-15,587.25,589.75,582,583.5
07-13-15,581.5,586.75,573.25,586.75
07-10-15,573.5,581.25,565,581.5
07-09-15,577.75,580,572.75,572.25
07-08-15,576,581.5,570,572.25
07-07-15,587.75,587.75,573.25,579.5
07-06-15,580,591.25,567.25,588.5
07-02-15,587.25,596.5,571,585.75
07-01-15,611.5,615.75,576.5,587.5
06-30-15,581,613.5,576,614.75
06-29-15,557,587,556.5,580.5
06-26-15,532,566.25,530.25,562.25
06-25-15,517.25,533,513,532
06-24-15,522.25,530,514.25,518
06-23-15,501.75,522.75,501.75,521.5
06-22-15,487.75,504,487.25,501.25
06-19-15,487.5,492.25,483.5,488.5
06-18-15,491.5,498,487.25,488
06-17-15,490.75,499.75,489.75,491.25
06-16-15,489,495,487,488.75
06-15-15,503.75,503.75,486,489.25
06-12-15,504,510.75,500.5,503.75
06-11-15,514,515.5,502.5,504.25
06-10-15,533.25,537.5,512.5,513.5
06-09-15,527.5,537.25,524,532.25
06-08-15,517,532.75,516,528
06-05-15,525,534,516,517
06-04-15,510,524.25,504,523.75
06-03-15,513.75,526.25,508.25,510.75
06-02-15,495.25,513.25,493,512.5
06-01-15,478,495.5,474,493.75
05-29-15,488,489.25,474.5,477
05-28-15,489,494.75,483,488.75
05-27-15,496,496.25,482,487.75
05-26-15,515.25,519.75,492,493.5
05-22-15,521.5,529,511,515.25
05-21-15,514.5,528,511,522
05-20-15,511,515.75,503,513
05-19-15,519.75,524.75,503.75,510.25
05-18-15,511,530.25,508,521.75
05-15-15,515,519.75,506,511
05-14-15,490.25,503.25,490.25,501.75
05-13-15,481.25,481.75,472.75,481
05-12-15,476.5,489.75,476.5,479.25
05-11-15,473.5,475,473.5,476.25
05-08-15,468,470.5,468,476.5
05-07-15,472.75,478,470,465.75
05-06-15,467,478.25,464.25,475.75
05-05-15,468.75,469.75,460,464
05-04-15,471.75,471.75,464,469.25
05-01-15,469.5,472.25,465.25,470
04-30-15,477,481.75,465,467
04-29-15,472,478.25,469,477.25
04-28-15,472,474,460,471.5
04-27-15,486.5,488,469.5,470.25
04-24-15,498.25,499.5,485,486
04-23-15,499.5,503.5,497.5,497.75
04-22-15,500.25,504.75,496.25,498.75
04-21-15,498.5,506.5,494.25,500.75
04-20-15,495,499.25,492,498.75
04-17-15,494.25,499.75,490.75,494.5
04-16-15,490,495.5,489,494.5
04-15-15,498.5,503.75,490,490.75
04-14-15,504.25,506.25,496.25,497
04-13-15,518,520,501.5,502.25
04-10-15,518,527.5,515.5,526.5
04-09-15,525.5,526.75,513.75,518.75
04-08-15,528,530.75,518.25,526.25
04-07-15,526,534,517.75,526
04-06-15,537.5,543.75,525,527.75
04-02-15,528,544.25,522.5,536.25
04-01-15,513,529,506,528.5
03-31-15,531.75,531.75,509,511.75
03-30-15,513.25,531,508.75,530.25
03-27-15,499,509,499,507.75
03-26-15,519,525.25,498.25,499.25
03-25-15,523,528.25,516,519
03-24-15,531.25,531.75,522.5,523.5
03-23-15,533.25,540.5,531.75,534
03-20-15,511,530.5,510,530
03-19-15,516,520,505.25,512
03-18-15,503,512.5,500.75,510.75
03-17-15,515.5,518,503,503.5
03-16-15,503.25,515.75,493,514
03-13-15,520.25,520.25,508.25,508.75
03-12-15,503,516.75,503,513.25
03-11-15,502.75,503.75,501.5,503
03-10-15,490.75,492.25,489,496.5
03-09-15,491.25,499.75,491.25,494.25
03-06-15,482.25,488.75,482.25,485.75
03-05-15,491.75,492.5,481,481.25
03-04-15,507,509,491.25,493.5
03-03-15,508.5,509.5,500.5,508.75
03-02-15,517.25,521.25,507.25,508
02-27-15,507,523,502,517.5
02-26-15,498,504.5,491.25,503.25
02-25-15,506.5,506.5,496,497.75
02-24-15,505.75,513.25,504.5,505.75
02-23-15,510.75,515,503.5,505.75
02-20-15,526.5,531.5,509.5,510.25
02-19-15,528,537.25,523.75,527.75
02-18-15,537,543.5,523.5,527.75
02-17-15,534.5,548,531.75,534.75
02-13-15,520.75,534.25,519.5,533
02-12-15,523.25,527.75,518.25,521.25
02-11-15,520.75,528,515.75,525.75
02-10-15,527,530.75,518.5,521.75
02-09-15,527,532.25,521.5,529.75
02-06-15,526.5,534,516.5,527
02-05-15,511.25,527.75,508.5,525.75
02-04-15,514.5,521.75,507.5,511
02-03-15,493.5,515.75,493,513.75
02-02-15,503,505.5,492.25,492.75
01-30-15,508,511.75,497,502.75
01-29-15,506,512.25,500.75,507.75
01-28-15,519,520.5,503,505.25
01-27-15,519.5,524.25,517.5,519
01-26-15,530.75,534.75,519.25,520.5
01-23-15,532.75,536,526.25,530
01-22-15,536.5,542.5,532.5,533.75
01-21-15,537.25,544.5,535.5,536.75
01-20-15,532.25,539.75,523,537
01-16-15,536.75,542,531.25,532.75
01-15-15,540.5,545,528,532.75
01-14-15,548,549.75,536,537.75
01-13-15,555.5,566.75,547.25,548
01-12-15,563,567,554,555.5
01-09-15,568,574,561.75,563.75
01-08-15,580,581,565.75,567
01-07-15,594.25,594.5,578.5,579.5
01-06-15,588,603.5,586,591.75
01-05-15,579.75,597.5,579,589
01-02-15,589.75,591,574.75,581.25
12-31-14,601.5,604.5,586.5,589.75
12-30-14,615,615.5,601,602
12-29-14,611.75,620.75,608,615.5
12-26-14,614.5,616.75,607.5,610.75
12-24-14,636.5,639.75,606.25,611.5
12-23-14,625,637,621,635.5
12-22-14,629.5,644.5,621,625.75
12-19-14,654,654.5,629.25,632.25
12-18-14,646.5,677,645.75,655.25
12-17-14,623.75,650.75,617,648.5
12-16-14,616,639,615,623.25
12-15-14,605.5,622.75,599.75,619
12-12-14,623.25,627.5,623.25,627.5
12-11-14,597,607.75,588.5,610.25
12-10-14,600,600,590,593.25
12-09-14,606.5,608.75,599,600.5
12-08-14,603.5,617,600.75,610
12-05-14,599,609.75,594.75,609
12-04-14,594,600,588.5,599.75
12-03-14,604,604,589.5,597
12-02-14,604.5,612,600,605.25
12-01-14,577.5,607,571.75,606.75
11-28-14,558,579.25,556.5,577.25
11-26-14,551.25,563,550.75,562
11-25-14,541.75,553,539.25,551.5
11-24-14,546,551.25,541.25,542.25
11-21-14,547,553.75,540.75,547.25
11-20-14,538.5,548,532,547.25
11-19-14,549,549.5,535,537.75
11-18-14,552,553,544.25,549
11-17-14,559.25,563.25,551,551.75
11-14-14,553.75,564.75,549,560.5
11-13-14,542,559,537,553.75
11-12-14,524.25,545.75,522.75,542.75
11-11-14,518,526.5,511.75,525.25
11-10-14,514,524.5,511.25,517.25
11-07-14,520.5,520.5,511,514.5
11-06-14,525,528,520,520.25
11-05-14,532,532.5,518.75,524.75
11-04-14,538.25,538.75,529,530.5
11-03-14,536.25,539.25,526.75,538.25
10-31-14,536,539,523,532.5
10-30-14,538.25,545.5,532.5,536
10-29-14,531,540.5,527.5,538.25
10-28-14,525.5,533,523.25,530.75
10-27-14,516,526.5,510.5,522.75
10-24-14,525.5,539.25,517.25,517.75
10-23-14,520.25,530.75,519.25,526.75
10-22-14,521,528.75,516,522.25
10-21-14,515,523.75,512.25,519.25
10-20-14,515,515.75,507.25,513.5
10-17-14,517.75,522.25,512.75,516
10-16-14,506.25,518.25,502.75,517
10-15-14,510,516.25,501.5,506
10-14-14,505.25,510,498.25,509.25
10-13-14,498.5,506.5,495.5,505.25
10-10-14,493.5,508.5,488.25,498.5
10-09-14,508,508.25,492,493.25
10-08-14,507.25,511.75,502,507.75
10-07-14,491.5,509.5,489.25,506.25
10-06-14,485.5,494.75,484.75,491.5
10-03-14,483.25,489,478,485.75
10-02-14,477.5,489.75,477.25,482.75
10-01-14,476.75,484,469.5,479
09-30-14,481.25,481.75,468,477.75
09-29-14,470.75,482.5,470.5,481.25
09-26-14,472.75,476.25,468.5,474.25
09-25-14,480.25,483.5,466.25,474
09-24-14,473.5,484.5,473.5,480.25
09-23-14,475.5,479.75,471,476
09-22-14,476.25,480.75,469.5,476.75
09-19-14,487.75,488.25,473.75,474.5
09-18-14,496.25,498.75,487.75,488.5
09-17-14,496,501.5,494.25,499.25
09-16-14,499,508.5,491,496.25
09-15-14,501.5,504,496,500.75
09-12-14,498.75,498.75,497,498.25
09-11-14,518,519,499.5,503
09-10-14,524.5,525.25,520.25,518.75
09-09-14,528.5,528.5,523.5,527.5
09-08-14,528.75,538,526.25,533.5
09-05-14,525.5,536.25,525.5,531.5
09-04-14,522,525,519.5,525.25
09-03-14,540.75,540.75,522.5,523.5
09-02-14,550.25,553,538.75,543.5
08-29-14,555,562.25,546,550.25
08-28-14,547,564.5,545,556.5
08-27-14,540,548,535,547.25
08-26-14,542.25,546,531.25,541.5
08-25-14,551,554.25,540.5,542.5
08-22-14,546,562.5,545.5,552
08-21-14,539.5,549.75,536.75,546.25
08-20-14,546.25,549.25,534.25,539.5
08-19-14,541,556,535.5,546
08-18-14,549.75,551.5,540.5,542.5
08-15-14,535.25,556.25,533.5,551.25
08-14-14,528.25,539.25,528,537.25
08-13-14,537.75,544.25,527.25,528
08-12-14,547.25,547.5,533.5,538
08-11-14,548.5,556.5,543,546.5
08-08-14,561,561.5,546,549.25
08-07-14,568,568.25,558.5,561.5
08-06-14,553,572,552.75,568
08-05-14,543.75,554.25,538,552.5
08-04-14,534.75,553.25,534.25,544
08-01-14,531,544,530.5,534.25
07-31-14,527,536.25,523.5,530.25
07-30-14,521.25,529,519.75,527.25
07-29-14,534.5,535.75,518.5,520
07-28-14,538,543.25,532,534.75
07-25-14,528.75,538.5,526.5,538
07-24-14,530.5,542.25,526,528.75
07-23-14,524.5,531,520.25,530.75
07-22-14,529.5,536.75,524,524.5
07-21-14,530.5,531.25,523.75,530
07-18-14,552.5,555.75,531,532.25
07-17-14,538,561.75,530.75,550.75
07-16-14,537,544.75,535.75,538
07-15-14,538,539.5,530.5,537.75
07-14-14,516.25,546.5,516.25,549.75
07-11-14,536.75,536.75,518.25,514.75
07-10-14,542.75,543.5,535.25,536.75
07-09-14,545.75,545.75,537,539.5
07-08-14,549,549.5,545.5,545.25
07-07-14,567.25,567.25,547.5,545
07-03-14,561.75,568.75,559.75,568
07-02-14,560.75,562.75,555.5,561.75
07-01-14,564.75,566.25,557.25,559.75
06-30-14,583.5,584.25,555.75,564.75
06-27-14,580,590,577.25,585.25
06-26-14,575.5,584.25,572.75,582.25
06-25-14,570,576,567.75,575.5
06-24-14,579.75,580,570,571
06-23-14,585,593,577.75,579.75
06-20-14,593.25,594.5,582.75,585.25
06-19-14,586.25,596.5,585.75,593.5
06-18-14,582,598,581.5,587
06-17-14,581,584.75,576.75,581.75
06-16-14,586,594.75,580.25,581
06-13-14,585.5,594.5,583.5,586
06-12-14,588,593.5,584,585.25
06-11-14,603,608.5,588.5,589.25
06-10-14,614.75,616,599.25,601.25
06-09-14,618.25,626.25,607.5,612.5
06-06-14,605.5,619.5,603,618.25
06-05-14,613.5,617.25,605,605.75
06-04-14,612.5,619.5,610.75,614.5
06-03-14,622,624,611,612.5
06-02-14,624.75,626.75,616.25,620.75
05-30-14,633,637,625.5,627.25
05-29-14,638.5,645,629.75,632.5
05-28-14,637.25,641.75,633,638.75
05-27-14,645,648.5,640.25,641
05-23-14,660.25,663.5,651.25,652.5
05-22-14,665.5,669.75,654,659.25
05-21-14,668,675.5,663,664.25
05-20-14,674,686,666,670.5
05-19-14,671.5,678.25,662.75,674.5
05-16-14,678.75,682.75,670.5,674.25
05-15-14,690.5,691,676.75,678.25
05-14-14,700,700,681.5,681
05-13-14,705,705,695.5,700
05-12-14,695.5,704.75,695.5,705.5
05-09-14,718.5,720.75,715.5,714
05-08-14,722,729,721,726.75
05-07-14,730.75,730.75,726.25,729.75
05-06-14,724.25,735,716.75,731.75
05-05-14,717,732,715.5,721.25
05-02-14,701.75,710.5,698,707.75
05-01-14,713.25,715.75,695.25,698.75
04-30-14,706.25,716,702.25,713
04-29-14,701.5,708.25,696,708
04-28-14,700,708.75,689.5,700.25
04-25-14,689,701.75,688,700.25
04-24-14,677.25,695.75,671.75,689
04-23-14,673,679.5,667.75,676.5
04-22-14,668.25,677.25,662.5,673
04-21-14,690.5,691,662.75,668.25
04-17-14,687.75,701.5,686.5,691.25
04-16-14,701,711,684,688
04-15-14,678,702.75,673.75,701.75
04-14-14,666.25,689.5,664.5,678.75
04-11-14,662.25,666.75,656.25,660.25
04-10-14,668.5,671,656.25,662.25
04-09-14,681.25,688,663,669
04-08-14,676.25,685.25,668.25,681
04-07-14,670.25,679.5,665.5,676.25
04-04-14,673.5,676.25,658.75,669.75
04-03-14,669.25,677.5,666.5,676
04-02-14,687,688,665,669.25
04-01-14,695.5,698,683.5,685.25
03-31-14,698.25,702,676.5,697.25
03-28-14,708.25,708.75,693.5,695.5
03-27-14,696.75,713.5,692,710.5
03-26-14,708.75,711.75,694.75,696.75
03-25-14,714.75,716.25,706.5,708.25
03-24-14,691.75,718.25,687,714.5
03-21-14,705,707.25,691,693.25
03-20-14,714,723.5,693.75,703.75
03-19-14,692,718.5,686.25,715.75
03-18-14,674.5,693.5,672.5,692.5
03-17-14,687,694.25,671.75,674.5
03-14-14,694.75,696.25,694.75,690.25
03-13-14,696.25,700.75,684,679
03-12-14,667.75,685,663.5,688
03-11-14,643,671.75,643,663.25
03-10-14,646.75,657.75,643.25,645
03-07-14,642,655,642,646.25
03-06-14,632.5,643.5,631,641.5
03-05-14,637,638.5,631,637.25
03-04-14,620,640,619,639.75
03-03-14,610,640.25,608.25,626.75
02-28-14,583,602,583,599
02-27-14,600,601.5,581.5,582.25
02-26-14,615.25,615.5,599.25,600
02-25-14,618.25,620.5,602.25,615
02-24-14,604,618.5,603.75,617.75
02-21-14,616.25,617.5,609.25,609.75
02-20-14,619.75,620.75,611.5,616.25
02-19-14,612,620.5,609.75,620.25
02-18-14,599.5,613.25,598.75,612
02-14-14,595.25,603,594.5,598.5
02-13-14,586.25,596.75,585.25,595.5
02-12-14,589.75,598.25,585.5,587
02-11-14,585.75,591.25,582.5,590.25
02-10-14,574.5,590.5,570.5,584.75
02-07-14,582,586,566.25,577.5
02-06-14,587,592.75,579.5,580.75
02-05-14,585,588.75,579,587.5
02-04-14,563.75,586,562,584.5
02-03-14,555,564.25,554,563.75
01-31-14,554,557.5,551.25,555.75
01-30-14,551.75,556.75,550.25,553.5
01-29-14,567,567,550,551.5
01-28-14,564,569,564,566
01-27-14,567,572.25,562.75,563.5
01-24-14,571,573.5,562.5,565.25
01-23-14,561.75,578,561.5,570
01-22-14,562.5,566.75,560.75,561.25
01-21-14,566,567.75,560.75,562.25
01-17-14,572.75,574.25,562.75,563.5
01-16-14,568.25,573.75,564,572.75
01-15-14,579,579.75,566.5,567.75
01-14-14,571.25,580,570.75,579.25
01-13-14,571.5,576,570,573.5
01-10-14,584.5,593.25,560.5,569
01-09-14,588,591,578.5,584.25
01-08-14,603,607.25,586.75,588.75
01-07-14,606.5,610,601.75,602.5
01-06-14,608,612.75,605,605.75
01-03-14,596.75,609,596,605.75
01-02-14,605,605.25,595,597
12-31-13,601.75,607.25,599,605.25
12-30-13,607.5,609.25,600,600.5
12-27-13,608,610,603.5,609
12-26-13,606,607,600.75,606
12-24-13,610.25,611.75,605.75,606.25
12-23-13,614.25,615.25,608.25,609.5
12-20-13,610,616,607.25,613.5
12-19-13,615,621.25,610,610.75
12-18-13,619,619.25,612,612.75
12-17-13,622.5,626.75,618.75,619.75
12-16-13,628.75,628.75,621,621.75
12-13-13,622.5,624.25,619.75,618.25
12-12-13,626.75,626.75,626.75,622.5
12-11-13,630.25,633,624.25,630.25
12-10-13,639,639,626.5,629.5
12-09-13,639.75,640.25,638.75,639
12-06-13,638.5,639.75,637.25,637.25
12-05-13,646,646.75,637,638
12-04-13,654.5,658,646.75,647.25
12-03-13,652.5,656.25,649,653.75
12-02-13,655,661.25,647.25,649.75
11-29-13,655,657,650.75,655
11-27-13,647,656.5,646.75,651.25
11-26-13,652.75,653.5,646,646.5
11-25-13,650.25,655,650.25,652.5
11-22-13,649.25,653.75,648,649.5
11-21-13,647.75,653.5,647.5,648.75
11-20-13,650.25,654.75,646.25,647.25
11-19-13,643,651.5,642.5,650.25
11-18-13,646.75,650.5,641.5,642.25
11-15-13,645.5,648.5,642.75,644.5
11-14-13,645.5,653,644.25,644.75
11-13-13,646.25,649,643.25,645.5
11-12-13,647.25,652,644.5,645.25
11-11-13,651,659.5,645.75,646.25
11-08-13,653,658.5,644,649.75
11-07-13,653.5,657.5,652.25,653
11-06-13,657.25,660.5,652.25,653.25
11-05-13,662.5,665.25,655,656
11-04-13,665.75,671.5,662,662.75
11-01-13,667.5,672.25,664.5,667.75
10-31-13,675,677,667,667.5
10-30-13,684.75,688.5,674,675
10-29-13,680.5,684.75,676.25,681.25
10-28-13,690,691.25,680.75,681
10-25-13,697,702,690.25,690.75
10-24-13,701.75,708,696,696.5
10-23-13,701.25,710.5,699.5,701.75
10-22-13,699.75,704.5,696,700.75
10-21-13,706.5,711.25,694,699.75
10-18-13,685.75,706.5,685.75,705.75
10-17-13,681.25,693.25,680.5,686
10-16-13,686,688,678.25,681.5
10-15-13,691.75,693.5,685.25,685.75
10-14-13,691.25,696.5,686.25,692.5
10-11-13,685,695.5,682.25,692.25
10-10-13,691,695.75,684,685.5
10-09-13,692.5,694.75,687,690.5
10-08-13,694.25,699.75,688,693.5
10-07-13,687.25,696.5,686.25,694.75
10-04-13,688,692.75,684.25,687
10-03-13,686,698,685,689.25
10-02-13,681.25,689.75,678,686
10-01-13,678.25,683.75,672.5,681.25
09-30-13,681.25,694.75,676.75,678.5
09-27-13,678,685.5,675.5,683
09-26-13,671,679,668.5,678.25
09-25-13,657.5,675,657.5,670.5
09-24-13,653.75,660,649.5,658.25
09-23-13,645.5,656.75,645.5,653.5
09-20-13,657,659.25,643.75,646.25
09-19-13,647.5,662.5,646.75,657
09-18-13,642.25,648,642,646.5
09-17-13,641.25,652,641.25,643
09-16-13,640,648.75,638.5,641.25
09-13-13,645,645,630.75,627.75
09-12-13,635.5,638,625,641.75
09-11-13,634.25,638,630,635
09-10-13,629.25,634.75,629,633.75
09-09-13,631,635,627.75,628.75
09-06-13,630.75,635.75,629,635
09-05-13,633.5,633.5,625,627.25
09-04-13,634.75,635,627.5,634.25
09-03-13,652.25,654,635,636.5
08-30-13,641.25,647.75,639.25,643.25
08-29-13,646.25,650.5,640,641.25
08-28-13,652.25,656.25,645.5,646.5
08-27-13,654.25,657.75,648.5,650.75
08-26-13,640,665,640,654.75
08-23-13,629.25,638,628.5,634.5
08-22-13,640,640.5,629.75,630.5
08-21-13,634.75,646.75,634.25,638.75
08-20-13,641,644,634,634.25
08-19-13,637,642.5,635.25,641.5
08-16-13,637.5,641.25,626.75,631
08-15-13,631.25,641.25,629,637.5
08-14-13,627,631.75,623,630.5
08-13-13,636.5,643.5,626.25,628.25
08-12-13,633.5,645.25,630,635
08-09-13,641.75,645,630.5,633.5
08-08-13,643,648,639.75,641.25
08-07-13,650,652.75,639,643.5
08-06-13,646.25,651.25,642.25,650.5
08-05-13,659.75,665.5,641.5,645.25
08-02-13,657.5,667.5,656.25,660.5
08-01-13,663.5,667.5,648.25,658
07-31-13,653.75,665.75,653.5,664.25
07-30-13,650.5,662.5,650,655.25
07-29-13,650.25,656,648.5,651.5
07-26-13,649,657.5,648,650.25
07-25-13,652.5,656.5,648,649.25
07-24-13,653.75,661.75,652.75,653.25
07-23-13,659.5,659.5,650.5,653.75
07-22-13,667.25,667.75,655,659.75
07-19-13,661,670,658,664.5
07-18-13,665,667.25,656.5,660.5
07-17-13,669.5,674,664,665
07-16-13,671.25,681.5,665.5,669.5
07-15-13,678.75,678.75,667.25,669.5
07-12-13,685.75,685.75,679.25,675.5
07-11-13,682.75,688,678.5,679.25
07-10-13,676.5,676.5,666.25,672
07-09-13,660,679,660,675.5
07-08-13,656.75,666.5,656.75,660
07-05-13,662.75,665,656,656
07-03-13,653,662.25,653,657.75
07-02-13,647.25,658,644.75,649.5
07-01-13,646,653.5,643.75,645.75
06-28-13,664,668.75,646.75,648.5
06-27-13,667,673,662.5,663.5
06-26-13,675.75,681.5,666,667
06-25-13,679,685.25,675.25,675.75
06-24-13,694,695,676.75,679
06-21-13,700,704.5,696,698
06-20-13,705.25,707.75,695,700.5
06-19-13,684.5,710.75,682.5,707
06-18-13,681,689.75,680.5,687.5
06-17-13,679.5,689.25,674.5,680.5
06-14-13,685,685.5,676.5,680.75
06-13-13,683,687,675,685.5
06-12-13,694.5,696.75,679,683
06-11-13,690.5,699.75,686.75,696.75
06-10-13,693,695.25,680.5,689.75
06-07-13,696.5,703.25,694.25,696.25
06-06-13,701.75,706.25,693.5,697.75
06-05-13,709.75,712.5,701,701.5
06-04-13,708.75,713.25,700,709
06-03-13,708.5,714.5,692.5,708.75
05-31-13,697.25,707.5,692.5,705.5
05-30-13,699,702.25,687.5,698.75
05-29-13,693.5,704,688.75,702.75
05-28-13,699,705,687.75,693.75
05-24-13,704,707.5,696.25,697.5
05-23-13,687.5,709,687,703.25
05-22-13,680.5,692.75,680,688.5
05-21-13,684.25,684.5,674,680.5
05-20-13,681.25,690,674.5,685.25
05-17-13,688.25,689.75,680.25,683.25
05-16-13,694,699,681.5,687.75
05-15-13,711,711.25,692.5,693.75
05-14-13,700.75,701.5,700.75,701.5
05-13-13,699.75,706.25,699.75,701.5
05-10-13,703,703,697,696.75
05-09-13,700.5,719,700.5,716.25
05-08-13,697,697.5,693.25,696.75
05-07-13,696.25,699,690,699.5
05-06-13,701,703.5,690.75,693
05-03-13,718.75,722.75,711.75,711.25
05-02-13,710.5,717.75,709.25,718.75
05-01-13,722.25,722.25,704.75,710.5
04-30-13,709.25,727.5,697.25,721.75
04-29-13,688.75,713,688.75,709.75
04-26-13,702,702,685.5,688.75
04-25-13,691.25,705.5,690.5,701.25
04-24-13,697.5,698.75,688.5,691.75
04-23-13,702.75,703.5,690.25,697.5
04-22-13,707.5,707.5,691.25,702.25
04-19-13,704.25,711.75,697.75,709
04-18-13,705,712,696,702.75
04-17-13,703.5,715.5,698.5,703.75
04-16-13,692.75,704,689.75,703.5
04-15-13,715,715.5,688.5,693.75
04-12-13,699,716,698.25,714.75
04-11-13,697.5,705.75,693.5,697.75
04-10-13,706,713,688,696.75
04-09-13,713.5,714.25,704.25,708.75
04-08-13,700,716,699.5,712.5
04-05-13,691.75,700.5,689,699
04-04-13,698.5,705.5,684.5,694
04-03-13,674,697.75,670.75,696.5
04-02-13,667.25,674.25,664.25,670.75
04-01-13,681.5,688.75,659.75,664
03-28-13,736.75,741.75,682.75,687.75
03-27-13,731.75,740.75,727.75,736.75
03-26-13,727,732.75,723.5,731.5
03-25-13,729.75,730.75,722.5,727.25
03-22-13,728.25,731.5,715.5,729.75
03-21-13,736,736.5,726.5,728.75
03-20-13,722,737,721,736
03-19-13,713,722.75,709.25,722
03-18-13,720.75,721.5,705.5,712.75
03-15-13,724.5,725,717.5,723
03-14-13,712,712.25,712,714.25
03-13-13,698,706.25,698,707.25
03-12-13,693,702.25,693,700.5
03-11-13,687.25,697.25,687.25,694
03-08-13,688,693.75,679.5,690
03-07-13,678.25,683.25,674.75,686.75
03-06-13,695.25,695.25,676,676.25
03-05-13,698.5,700,693.5,696.25
03-04-13,714,714,691,696
03-01-13,710.75,718.75,701,713.25
02-28-13,705.25,716.75,702.25,707.75
02-27-13,705.25,717.25,702,704.25
02-26-13,699.25,706.75,692.75,705.75
02-25-13,714.5,717.5,698,699.25
02-22-13,721,729.75,713.5,715
02-21-13,737.5,738.25,719.25,721.25
02-20-13,731.75,740.75,727.75,738.5
02-19-13,747,747.25,726.25,732.25
02-15-13,732.75,744.5,732.75,742.25
02-14-13,735.75,740.75,725,732
02-13-13,732.75,737.75,722.5,735.5
02-12-13,742.5,744.25,725.5,732
02-11-13,757.5,759.5,740.25,741.5
02-08-13,755.75,770.75,753,756.25
02-07-13,760.75,764.5,752.75,756
02-06-13,758,764,746.5,761.5
02-05-13,763.5,766.5,751,757.5
02-04-13,767.5,774,761,763
02-01-13,780.5,790,764.5,765
01-31-13,786.75,791,773.75,779.5
01-30-13,776.25,789,771.75,787
01-29-13,779.25,785,776,777
01-28-13,778.25,783,770.5,779.25
01-25-13,769.5,781.25,764.25,776.5
01-24-13,775.5,775.75,763,768.5
01-23-13,779,785,771,774.75
01-22-13,795,799.75,776,779.25
01-18-13,782.75,793.75,778.75,791.25
01-17-13,786.25,789.5,776,781.25
01-16-13,782.75,791,777,785
01-15-13,769.75,789.75,766.5,782.75
01-14-13,761.5,777,760.75,767
01-11-13,745.25,773,736.25,754.75
01-10-13,747.25,756.5,744,744.5
01-09-13,752.5,757,745,745.5
01-08-13,750.5,759.25,749,750.5
01-07-13,749.5,760.5,743.5,751.25
01-04-13,755.5,758.25,739.75,747.25
01-03-13,758,761.25,749.75,755.5
01-02-13,785.5,788,752.5,755.25
12-31-12,778.75,781,767.75,778
12-28-12,772.75,784.5,766.5,778.75
12-27-12,775.25,778,764.5,772.25
12-26-12,794,795.25,773.75,774.5
12-24-12,793.5,796.25,791.25,793.75
12-21-12,790.5,798.75,789.75,792
12-20-12,806.25,808.5,782.5,790.5
12-19-12,813,822.75,802,805.75
12-18-12,808,814.25,801.5,811.25
12-17-12,816,819,805,808
12-14-12,792.25,801.75,792.25,801
12-13-12,797.25,798.75,793,793
12-12-12,805.5,805.5,795,794.75
12-11-12,831,831,801.75,805.75
12-10-12,841.5,841.5,831,832.75
12-07-12,844.5,847,837,844.25
12-06-12,842.5,846.25,836.75,845.25
12-05-12,840.25,845.75,837.75,842.25
12-04-12,842.25,845.25,834.5,838.5
12-03-12,849.75,858.75,840.25,842
11-30-12,869.75,869.75,844,844.75
11-29-12,875,879.75,865,869.25
11-28-12,872.25,880,864.75,876
11-27-12,850.25,873.5,849.25,873
11-26-12,849.25,854.25,844.5,849
11-23-12,849.75,853.75,845.25,847.75
11-21-12,844.75,849.5,841,845.25
11-20-12,843.25,849.75,837.5,845
11-19-12,835.5,848,835.5,841.75
11-16-12,844.5,850,829.5,838
11-15-12,849,856.5,843.25,845.5
11-14-12,852.25,858,845.25,848.75
11-13-12,857.75,864.5,843.25,851
11-12-12,886,886.5,855,857.75
11-09-12,898.75,916.5,884,886.5
11-08-12,894,905,886.5,902.5
11-07-12,876.5,897,870.75,894
11-06-12,867,879.75,867,877
11-05-12,864.5,875.75,863,866
11-02-12,867.25,873.75,858.75,864.5
11-01-12,865.75,877.5,863.5,868.5
10-31-12,858.75,875,858.25,864.5
10-30-12,858.25,866.5,852.75,856.75
10-29-12,865,871.25,857.25,858
10-26-12,874.75,878.75,863.25,863.75
10-25-12,882.5,889,871,872.75
10-24-12,868.25,895,865,884
10-23-12,878,878.5,860,868.75
10-22-12,873,884.5,871.5,878.25
10-19-12,868,885.5,866,872.5
10-18-12,856.5,876,855.5,868.5
10-17-12,847.75,858,845.5,856.25
10-16-12,848.5,857.75,843.75,847.75
10-15-12,860,860.25,840.25,848.25
10-12-12,886.25,886.5,853.25,856.75
10-11-12,870,894,859,886
10-10-12,864.5,876.75,863.5,869.75
10-09-12,859.75,873.75,859.75,864.25
10-08-12,857.5,867.5,855,861
10-05-12,870,872.75,856.25,857.5
10-04-12,873,882.75,866.75,869.25
10-03-12,873,878.5,858,873
10-02-12,884,885,863.75,871.5
10-01-12,902,904.25,872.25,884.25
09-28-12,855.5,907,850.75,902.5
09-27-12,871,876,849.25,855.5
09-26-12,888,889,866.25,869.25
09-25-12,891,898,880.75,886.5
09-24-12,897.5,907.25,883.25,892
09-21-12,881.75,899.25,879.5,897.25
09-20-12,882,893.75,869,879.5
09-19-12,865,883,865,881.5
09-18-12,880,888,860.75,863.5
09-17-12,921.5,926.5,876,878
09-14-12,896.5,906.5,896.5,897.5
09-13-12,872,876.25,870.25,879
09-12-12,864,866.75,849,867
09-11-12,869,872.25,863,860
09-10-12,884.75,891.25,870.5,868.25
09-07-12,869.25,890.75,868.5,884.75
09-06-12,846.75,872.25,846.75,872
09-05-12,864.75,865,844,845.75
09-04-12,875.5,881.75,858.5,866
08-31-12,885.5,888,862.25,870
08-30-12,885,896.75,878.5,883.5
08-29-12,854.75,887.5,853.25,885.5
08-28-12,862.5,869,851.5,854.75
08-27-12,868,877.75,860.75,862
08-24-12,873.5,885.5,866,867.5
08-23-12,896.25,903.25,871.5,874.5
08-22-12,899,899,889.5,896.5
08-21-12,879.75,904.75,877.75,900.5
08-20-12,874,883.5,866.75,879.5
08-17-12,861.25,880,861,874.5
08-16-12,848,868.75,841.25,861.75
08-15-12,840,850.75,840,846.75
08-14-12,857,866,838.25,839.75
08-13-12,882.5,885.25,854.75,856.75
08-10-12,912.75,931.75,880,885.25
08-09-12,899,919.5,898,913
08-08-12,889.75,902.75,869.25,899.25
08-07-12,892,904.5,883.5,889
08-06-12,883.25,897.25,876.75,893.25
08-03-12,863.25,907,860.5,891.25
08-02-12,879,889.75,856,865
08-01-12,889,897,861.75,879.5
07-31-12,911.75,919.5,886,888.25
07-30-12,908,919.75,903,914.5
07-27-12,884.5,911,879.5,898
07-26-12,901.5,904.5,873.75,884
07-25-12,880.25,909,862.5,903.25
07-24-12,910.75,914.25,852.75,878.75
07-23-12,944.5,947.25,903.75,912.75
07-20-12,932,944.75,916.75,943.25
07-19-12,902.75,938,896.5,935
07-18-12,885,908.5,865.5,903.25
07-17-12,890.25,898.5,866,885
07-16-12,858.5,889,856.25,884.5
07-13-12,831,850.25,830.25,842
07-12-12,810.5,842,810.5,832.75
07-11-12,804.75,831,788.5,807.75
07-10-12,806.25,813.75,793,804.75
07-09-12,799.75,823.75,799.75,810.75
07-06-12,818.5,818.5,790.25,791.25
07-05-12,801,824,793.25,822.5
07-03-12,761,782,757,782.25
07-02-12,741.75,756.75,740.25,754.5
06-29-12,726,743,723,739
06-28-12,731,737.25,723,726
06-27-12,727.5,744.75,721.5,732
06-26-12,723.25,738.75,709.25,729
06-25-12,682,725.25,682,724.25
06-22-12,659.5,684.75,657.75,673.25
06-21-12,659.75,682,655,661.75
06-20-12,648.75,665.25,639.25,664
06-19-12,630,652,628.25,649.5
06-18-12,613.5,634,612,630.25
06-15-12,623.25,627.75,607.5,609.5
06-14-12,615.25,629,615,623.5
06-13-12,617,623.75,614.25,616
06-12-12,630,639.75,613.25,616
06-11-12,629.25,642.25,629,630.5
06-08-12,637.5,638.75,627.75,630.25
06-07-12,622,644.75,620.25,641.75
06-06-12,612.75,628.75,612.75,624.25
06-05-12,626.25,631,611.75,613.25
06-04-12,620.25,631.5,613.25,627.75
06-01-12,643.5,646.5,611,612.25
05-31-12,652.5,653.75,642.5,643.75
05-30-12,657,661.25,644.25,653.75
05-29-12,675,684,655.25,656.75
05-25-12,664.75,688.25,661.75,680
05-24-12,667.75,676.5,661.75,663
05-23-12,683,685,663.5,665.5
05-22-12,698.5,702.25,681.75,685.5
05-21-12,700,722,682.75,704
05-18-12,656.75,697.5,652.5,695.25
05-17-12,638.25,658.5,637.75,657.75
05-16-12,608.5,639.75,604,638.75
05-15-12,597.75,617.25,597.5,608.5
05-14-12,600.25,604,598.5,597.75
05-11-12,593.25,595.25,590,592.75
05-10-12,593.5,593.75,591,594.75
05-09-12,605.5,605.5,589.75,591.25
05-08-12,612,613,609,609
05-07-12,600,606,595.5,606.25
05-04-12,611.25,611.25,594,603.75
05-03-12,607,613,606.75,608.25
05-02-12,629.5,630.5,607.5,607
05-01-12,647.5,647.5,635.25,633.75
04-30-12,645,649.75,633.75,647.75
04-27-12,625.25,646,623.75,642.25
04-26-12,617.75,627.75,615.5,626
04-25-12,624.5,633.75,615,616.5
04-24-12,625,639.25,622.75,624.5
04-23-12,616.25,627.75,614.25,625
04-20-12,625.25,627.75,614.25,615.75
04-19-12,611.75,628.25,611.75,624.75
04-18-12,616,618.75,604.25,610.75
04-17-12,617.25,627,615,615.5
04-16-12,623.25,625.5,615,616.25
04-13-12,640.25,643.25,618.5,623.5
04-12-12,628,645.75,628,639.25
04-11-12,626.25,633.75,619.75,628
04-10-12,641.75,653.25,624,625.75
04-09-12,637.25,649,636.5,643
04-05-12,641,650,636,638.5
04-04-12,658.5,658.75,635.5,639.25
04-03-12,655.75,659,649.5,658
04-02-12,663.75,666.5,649.25,657
03-30-12,613,668.75,612.75,660.75
03-29-12,633.25,635,611.25,612.5
03-28-12,639.5,646.25,630,630.75
03-27-12,659.5,663.5,638.75,639.75
03-26-12,655.5,670.5,650,659.5
03-23-12,647.75,655.25,646.25,654.25
03-22-12,636.75,647.5,631.25,646.25
03-21-12,643.25,647.5,635.5,636.25
03-20-12,652.5,653.25,640,642.5
03-19-12,671.5,675.25,651.25,652.25
03-16-12,663,673,660,672
03-15-12,645,667.25,643.25,664.75
03-14-12,646,652,631,651.75
03-13-12,658,660.75,647.75,651.5
03-12-12,635.25,652.75,632.25,652.75
03-09-12,635.5,646,630,638.75
03-08-12,638.5,641,630,630.5
03-07-12,656,657.25,633,633
03-06-12,666.25,666.25,652,654
03-05-12,670.75,673,666,667.75
03-02-12,656.25,671,654.75,670.75
03-01-12,662,667,654.25,659.25
02-29-12,662,671.5,658,664.25
02-28-12,643.5,663,642.5,662.25
02-27-12,644,647.5,630,645.75
02-24-12,642,643.75,632.5,641
02-23-12,644.25,645.75,635.25,641.75
02-22-12,633,645.75,628.5,644.5
02-21-12,648,648.75,623.5,633
02-17-12,626.75,646.75,625.75,644
02-16-12,626.5,632.25,621,628.75
02-15-12,635.25,640.5,624.25,626
02-14-12,641,643,632.5,635
02-13-12,635,642.5,631.25,641.25
02-10-12,644.75,645.75,628.25,630
02-09-12,660.75,664.75,641.75,646
02-08-12,662,670,653,660.75
02-07-12,669,672,655.25,662.25
02-06-12,660.5,669,656.25,668.5
02-03-12,663,671,653.25,660.75
02-02-12,674.25,674.25,657,662.75
02-01-12,667.5,683.75,666.25,674.25
01-31-12,645,668,644.75,666
01-30-12,646.75,654,635.25,644.75
01-27-12,653.25,656.5,645,647.25
01-26-12,640.75,658.25,639.75,653.5
01-25-12,632.75,649.75,629.5,641.25
01-24-12,620,638,614,633.5
01-23-12,613.5,621.5,613.5,619.75
01-20-12,605.25,613,597,610.5
01-19-12,592.25,606.5,592,605.75
01-18-12,605.25,606.5,590,592.25
01-17-12,603.25,611.75,601.5,604.75
01-13-12,605,610,599,602.25
01-12-12,641.5,648.75,592,605
01-11-12,639,644,632.25,641
01-10-12,640.75,644.75,634.25,639.75
01-09-12,626,645,625,641.75
01-06-12,629.25,636.75,624.5,624.75
01-05-12,649.25,650.25,626.5,629.25
01-04-12,656.25,663,645.25,650
01-03-12,666,670.75,653.75,657
12-30-11,644.5,654.5,642.25,652.75
12-29-11,649.75,654.5,641.75,645.25
12-28-11,643.75,656,641.25,651.25
12-27-11,627.5,647,627,644.75
12-23-11,621.75,627.75,618.5,622
12-22-11,617.25,625.75,611.5,621.75
12-21-11,607,618,600,617
12-20-11,599,609,595.5,607.75
12-19-11,585,603,581.75,599.75
12-16-11,578.75,587.5,577.25,583.75
12-15-11,582.75,588,577.25,579.25
12-14-11,583.25,598,583.25,588
12-13-11,577.75,597,574.25,591.75
12-12-11,574,579,572,575.5
12-09-11,573.5,575.75,567.75,573.5
12-08-11,583,583.5,575.5,576.75
12-07-11,593,594.75,582,583
12-06-11,603,603,588.25,598.75
12-05-11,612.75,617.25,597.75,598.75
12-02-11,600.25,620,600.25,612.25
12-01-11,598.75,607.5,594,602
11-30-11,592,609.5,588.5,595.75
11-29-11,574.75,599.25,572.5,594.5
11-28-11,578.5,585.75,573.5,574.75
11-25-11,578.5,586.25,572.25,574.5
11-23-11,594.5,595.5,577.25,579.25
11-22-11,592.25,597,586,594
11-21-11,597.75,602,584.5,591.5
11-18-11,593,602.5,586.5,598.25
11-17-11,616.25,617.5,590.25,592.5
11-16-11,631.75,639.75,615,616.75
11-15-11,615.75,634.25,612.25,632.75
11-14-11,616.75,622,610.25,615.75
11-11-11,620,625.75,609.5,616.75
11-10-11,642,648.75,618.75,620
11-09-11,656.5,657.75,633,643
11-08-11,638.75,659.25,636.75,657
11-07-11,638,641,630,638.75
11-04-11,636,640,623.25,636.75
11-03-11,623.5,644.25,620,636
11-02-11,629,638.5,620.25,623.5
11-01-11,629.25,634,612,630
10-31-11,645,648,619.25,628.25
10-28-11,643.75,652.75,636.25,644.5
10-27-11,620,647.75,619.5,644
10-26-11,637.5,643.25,616.5,619.5
10-25-11,640.5,647,634,636.25
10-24-11,632,646.75,630.5,642.5
10-21-11,631,649.5,628.25,632
10-20-11,619,632.25,613.5,630.75
10-19-11,626.75,637.75,616,619.5
10-18-11,626.25,630,613,625.25
10-17-11,623.5,635.25,619,624.25
10-14-11,617.25,633,612.25,622.75
10-13-11,625.25,630.5,605,618
10-12-11,660,662.75,620,626.75
10-11-11,611.5,665.25,611,660.75
10-10-11,608,629,606.25,611.5
10-07-11,615,623,606,607.5
10-06-11,626.5,639.75,615,616
10-05-11,611,628,607.25,625.25
10-04-11,621.75,622.75,596.75,604
10-03-11,609.25,623,596.75,619.5
09-30-11,657,661.5,605,609.25
09-29-11,638.5,656.25,627.25,654.25
09-28-11,655,657.5,635,638.75
09-27-11,653,670,650.25,658.25
09-26-11,645,655.75,624.25,648.25
09-23-11,636,649.5,634,640.75
09-22-11,664.5,664.5,632.25,633.75
09-21-11,674.75,683,666,666.75
09-20-11,675.5,687.75,671,674.75
09-19-11,688,691.25,667,673
09-16-11,695.75,706,686.5,688.25
09-15-11,705,705.75,686,696
09-14-11,703.5,709.5,702,701.75
09-13-11,698.5,704,684.5,688.75
09-12-11,690,698.75,686,699.75
09-09-11,713.5,713.5,701,701
09-08-11,709,712,703,709.25
09-07-11,726,726,707.25,714.75
09-06-11,720.25,722.25,706.5,716.25
09-02-11,725,730.5,720.75,730
09-01-11,742,743.75,713.5,715.5
08-31-11,745,747.25,728.25,745.25
08-30-11,757.75,759,743.75,750.25
08-29-11,762.25,771.5,755.5,757.25
08-26-11,755,768.5,747.5,762.25
08-25-11,747.25,764,734.5,757.25
08-24-11,757.25,764,745.75,749.25
08-23-11,735.5,759,734.75,757.25
08-22-11,734,748,730.75,735.5
08-19-11,704,733.5,701,730.75
08-18-11,727,728.5,699.5,707.75
08-17-11,724.75,739.25,722.75,727.5
08-16-11,711.25,732.75,704.25,724.75
08-15-11,704.25,721.25,704.25,712.5
08-12-11,700,718.75,696.25,702.5
08-11-11,682.5,722.75,680,701.25
08-10-11,677.25,691,676,685
08-09-11,650.5,687.25,643.25,671.75
08-08-11,667.5,677.5,642.25,656.5
08-05-11,680.25,682.75,665.25,679
08-04-11,709,710.25,674.5,681.75
08-03-11,718,721.5,705,710.5
08-02-11,677.25,723,664.25,718
08-01-11,671.25,690.75,670,676.5
07-29-11,693,700,669.75,672.5
07-28-11,703,714.75,692,693.25
07-27-11,694.75,712.5,685.75,704.75
07-26-11,690,699,679.25,694
07-25-11,683.75,695.25,671.5,688.5
07-22-11,677,694.25,669.25,692.25
07-21-11,697,703,671.75,677.25
07-20-11,693.75,707,692.5,697
07-19-11,694.75,727.75,689,693.5
07-18-11,694.75,697.25,676,689.5
07-15-11,707,716.5,692.5,694.75
07-14-11,700,701,678.5,691.25
07-13-11,669.75,706.75,669.75,702
07-12-11,636,662,617.5,662.75
07-11-11,643,643,625,636
07-08-11,624.5,652.5,624.5,650.5
07-07-11,608.25,634,606.75,624.5
07-06-11,613.75,614,597.5,611.25
07-05-11,589.25,615,589.25,613.75
07-01-11,585.5,595.25,565.25,584.5
06-30-11,643.25,651,580.25,584.75
06-29-11,640,664.25,628.75,641.25
06-28-11,624,645,623,640.25
06-27-11,636.75,637.75,612.5,622.75
06-24-11,650,659.25,628,635.75
06-23-11,635,652,606,649
06-22-11,674.25,681.25,617.25,638.25
06-21-11,660.75,679.5,655.75,674.25
06-20-11,673.5,675.25,654.25,659.25
06-17-11,674,683.75,664,672.25
06-16-11,708.75,717.75,670,673.25
06-15-11,731,734.25,701,708.5
06-14-11,743,748,714.25,731.25
06-13-11,760.75,770,740.25,743
06-10-11,744,763.75,737.5,759.25
06-09-11,749.25,777,739,745
06-08-11,733.25,759.5,731.5,748
06-07-11,742.75,747,731.25,733.75
06-06-11,772.75,778,741,744
06-03-11,770,781.5,758.75,773.75
06-02-11,760,773.5,758.5,769.75
06-01-11,782.5,788.25,754.25,759.25
05-31-11,794,807.5,772,782.25
05-27-11,817.25,827,803.5,819.75
05-26-11,800,828.75,799.25,814.5
05-25-11,780,800,778.25,796.5
05-24-11,803.5,809.75,777.5,779.75
05-23-11,816.5,821,785.25,803
05-20-11,812.5,818.5,790,806.5
05-19-11,816,834.5,805,812
05-18-11,768.25,822.25,767,817
05-17-11,737,766,732,764
05-16-11,730,747.75,729.75,736.5
05-13-11,701,712,701,696
05-12-11,713.5,719.75,707,700.5
05-11-11,759.75,759.75,739,727.75
05-10-11,765.75,779,765.75,769
05-09-11,752,761.5,752,759.25
05-06-11,713.25,738.25,709.25,724.5
05-05-11,741,741,718,722.5
05-04-11,758,758,740,741
05-03-11,764.5,764.5,748.25,760.75
05-02-11,772,793,757,759.75
04-29-11,743,769.25,736.5,769.25
04-28-11,779.25,784.25,737.75,743
04-27-11,811.25,817.25,765,777
04-26-11,827,829,798.5,811.25
04-25-11,808.5,830,806.75,826
04-21-11,785.5,801,780,799.5
04-20-11,785.75,808.5,780.25,785
04-19-11,776.25,794,774.75,785.75
04-18-11,745,780,740.5,775
04-15-11,742.5,748.75,730,744.25
04-14-11,757,760.75,733.25,740.5
04-13-11,761,769.5,741.25,752.75
04-12-11,800.5,802.75,750.5,759.5
04-11-11,803,809.25,786.25,798.25
04-08-11,772.25,802.25,765.75,797.5
04-07-11,782.25,793,757.25,773.25
04-06-11,786,792.5,777.75,782.25
04-05-11,788.25,798.25,778.5,786.25
04-04-11,765.5,792,764.25,790
04-01-11,760.5,774,744.75,759.5
03-31-11,726.5,773.5,721.75,763.25
03-30-11,738.25,741.75,725.25,727.25
03-29-11,723.75,742,721.25,737.25
03-28-11,736,739.75,721,725.25
03-25-11,739.5,753,726.5,733.25
03-24-11,714.25,741.75,710,739.5
03-23-11,725,730.25,706,714.25
03-22-11,721.25,728,705.25,722.25
03-21-11,724,741.75,717.25,721
03-18-11,708.75,749,705.5,723
03-17-11,663.25,718.75,663,710.25
03-16-11,668.25,697.5,656,662
03-15-11,722.25,723.5,661,667.75
03-14-11,690,710,675,700.5
03-11-11,696,709.75,696,695
03-10-11,707.5,726.5,707.5,714
03-09-11,750.75,763,727.25,732.25
03-08-11,774.25,775,749.25,751.25
03-07-11,790,790,766.25,769
03-04-11,800.25,802.5,783,800.5
03-03-11,777.75,792.25,777.25,790.5
03-02-11,771,793,768.75,776.75
03-01-11,784.5,784.75,766,775.75
02-28-11,783.5,783.5,764.5,782.5
02-25-11,749,795,749,776.5
02-24-11,764,769.5,741,747.25
02-23-11,758.75,767.75,723,763
02-22-11,825,835.5,762.25,762.25
02-18-11,851.25,852.75,817.25,822.25
02-17-11,837.75,853.5,837.75,850.75
02-16-11,843.75,849.25,825.5,837
02-15-11,873,874,830.5,840.25
02-14-11,876.5,884.75,869.5,872
02-11-11,865,871.25,855.5,867
02-10-11,886,886,861,862.75
02-09-11,876,893.25,875.25,886
02-08-11,859.75,880.75,844,874.25
02-07-11,861,869.5,851.5,858.75
02-04-11,859.25,864.75,842.5,853.75
02-03-11,862.5,872.75,846,859
02-02-11,836,864.5,835.5,863
02-01-11,844.5,845,831.5,835.75
01-31-11,824,847.75,823,840.75
01-28-11,848,849.75,824,825.75
01-27-11,859,863.5,845.5,846.25
01-26-11,840.5,861.25,839.75,856.5
01-25-11,835.25,839.5,820.75,838.25
01-24-11,829.25,839.5,823.5,835.25
01-21-11,805,830,798.75,824.5
01-20-11,798,805.75,782,803.5
01-19-11,792.5,808,792.5,797.25
01-18-11,777.5,795.75,773.5,793.25
01-14-11,784.25,784.75,763,773.25
01-13-11,776.75,787.5,769.25,783.5
01-12-11,761.75,790.5,760,770.5
01-11-11,769.75,776.75,758,759.5
01-10-11,777.25,783,766.25,767.25
01-07-11,789,794,772,774
01-06-11,809,809.75,787.75,789
01-05-11,794.25,810.25,776,808.25
01-04-11,803.5,808.75,783.25,789.25
01-03-11,793.5,825,792.75,805.5
12-31-10,786.5,796.25,780.5,794.25
12-30-10,799,799,776.5,784.75
12-29-10,800,806.25,782.25,799.25
12-28-10,780,802,779.5,798.25
12-27-10,775,783.75,766,780.25
12-23-10,785,788.25,776,783
12-22-10,762.5,785.25,756,783.5
12-21-10,770.75,772,762,765
12-20-10,760.5,776.5,759.5,769.5
12-17-10,752.75,758,742,756.75
12-16-10,764,766.75,746,749.75
12-15-10,761,776.5,759.75,764.75
12-14-10,740.75,740.75,720,721
12-13-10,743,743,736.5,740.25
12-10-10,743.5,751,738.75,735.5
12-09-10,743.25,749.25,742,748.25
12-08-10,733,750,725.75,742
12-07-10,760.75,761.5,736.75,743
12-06-10,747.75,753.75,739,752
12-03-10,714.25,737,714.25,738
12-02-10,702,725,693.75,706.5
12-01-10,653,702.25,650.5,697.5
11-30-10,651.25,657,645,650.25
11-29-10,649.25,662,647,650.25
11-26-10,650.75,654.25,645.5,648.25
11-24-10,645,656,642.25,647.5
11-23-10,647.25,652.25,634.5,642
11-22-10,643.75,653,639,645.5
11-19-10,649.75,657.75,636.25,644.5
11-18-10,633.75,657.25,633.25,645.25
11-17-10,627.5,647,617.75,632.5
11-16-10,671,674,624.25,626.25
11-15-10,673.5,685,667.5,672.75
11-12-10,704.25,710.75,661.25,669.25
11-11-10,707.25,723,701.75,704
11-10-10,721.25,723.5,695,710
11-09-10,737.5,760.75,717.25,721.75
11-08-10,730,739,721,736.25
11-05-10,715.75,731.5,705,728.75
11-04-10,695.25,719.5,692.75,713.75
11-03-10,696.5,699.5,680.5,690.25
11-02-10,704,712.25,692.5,694.25
11-01-10,724.5,728,701,702.5
10-29-10,719.75,725,711.25,717.25
10-28-10,702.75,721.75,700.5,718.25
10-27-10,694.5,707.5,686.5,702.75
10-26-10,674,699,670.5,692
10-25-10,669.25,686,669,674
10-22-10,670.25,676,665,670.75
10-21-10,683,692.25,667,668.75
10-20-10,673.5,687.75,673.5,683
10-19-10,691,696.5,668.25,671.5
10-18-10,701.75,709,687.25,690
10-15-10,702,713.75,695,704.5
10-14-10,702,712.25,697.5,700.75
10-13-10,712,722.25,695,702.75
10-12-10,708.25,719.75,703,710
10-11-10,737.5,739.75,703,709.25
10-08-10,660.75,719.25,657,719.25
10-07-10,658,676.25,656.5,659.25
10-06-10,664.25,673.25,655,658.25
10-05-10,647.75,667.75,644,663.5
10-04-10,650,655.75,643.5,647.25
10-01-10,674,678.25,646.5,655
09-30-10,685.75,686,651,674
09-29-10,685.25,688.25,663.25,683.5
09-28-10,705,707.75,684.5,684.75
09-27-10,722,731,702,706.5
09-24-10,701.25,723,697.5,720
09-23-10,720.5,722,693,697.25
09-22-10,721,732,713.5,719.75
09-21-10,728.75,734,716.5,718
09-20-10,738.5,757,729,731.75
09-17-10,725.5,743,723,739.25
09-16-10,728.25,737.75,711.5,719.25
09-15-10,735.75,744.25,723,726.75
09-14-10,708.25,709,701.5,704.5
09-13-10,705.75,722,705.75,713.75
09-10-10,704,708.5,690.25,704.75
09-09-10,683.75,707.25,683,706.75
09-08-10,701.75,702,678,678.75
09-07-10,711.25,713,696,702.5
09-03-10,682,709.25,682,708.25
09-02-10,680.75,688.75,680.5,680.75
09-01-10,654.25,678.25,653,675.5
08-31-10,667,679.75,650.5,652.5
08-30-10,666,695.25,665.5,671.25
08-27-10,657.5,673.25,655,662.5
08-26-10,650.25,665.25,649.5,656.5
08-25-10,674.75,682.75,646.5,647.75
08-24-10,691.5,693,668.25,674.75
08-23-10,679,697,677.25,692.25
08-20-10,685,695.75,670,679
08-19-10,657,700,657,681.25
08-18-10,652.75,665,645,656
08-17-10,664.75,676.75,649.75,651
08-16-10,700,709,655.75,663.75
08-13-10,710,724.75,700.25,702.5
08-12-10,695,734.5,689,713
08-11-10,695,709.5,680.5,694.75
08-10-10,713,718.25,690,694.75
08-09-10,710.75,738.25,684.5,712.5
08-06-10,788.25,841,725.75,725.75
08-05-10,726.25,785.75,724,785.75
08-04-10,680,732,678.25,725.75
08-03-10,692,697.5,674.75,680
08-02-10,660,711.25,657,693.25
07-30-10,626.25,663,625.75,661.5
07-29-10,615.25,632,613,627.5
07-28-10,593,623.25,592,615.5
07-27-10,587,604,582.5,595
07-26-10,596.25,596.25,584.5,589.5
07-23-10,596,603.75,593.25,596.25
07-22-10,587,610,583.75,596.5
07-21-10,577,594,574,588.25
07-20-10,580.5,581,572.75,577
07-19-10,582.5,597.75,575.25,582.25
07-16-10,595.5,597.75,578.75,587.25
07-15-10,556.75,598.5,555.5,596.25
07-14-10,534.5,553.25,533.5,548.25
07-13-10,520,536.75,520,535.75
07-12-10,523.5,524.5,520,521.25
07-09-10,529.75,529.75,519.75,523.5
07-08-10,515,534.5,510,534
07-07-10,492,517,492,515.75
07-06-10,487.75,511,487.75,492.75
07-02-10,482.5,492,481.25,487.75
07-01-10,464.25,486,461,484
06-30-10,441.5,477.25,441.5,464.75
06-29-10,448.25,448.5,440,442
06-28-10,455.5,455.5,444,449.5
06-25-10,462.75,464.75,455.25,456.25
06-24-10,461.25,470,461,463
06-23-10,459.75,468.5,458.25,462.25
06-22-10,461.25,463.75,442,460.75
06-21-10,462.75,469.25,455.25,462
06-18-10,462.5,470,458.75,461.75
06-17-10,461,465.5,453.5,462.75
06-16-10,451.5,468,451,461.25
06-15-10,451,456.25,439.25,451.75
06-14-10,442.75,454.75,441.75,451.5
06-11-10,433,449,427.5,440.75
06-10-10,428,437.5,426.75,433.25
06-09-10,432.75,436,425.5,428
06-08-10,432.25,436.5,431.25,432.25
06-07-10,435.25,438.5,431,432.25
06-04-10,442.5,444.25,435,435.75
06-03-10,443.5,448,440.5,441.75
06-02-10,450,454.5,442,442.5
06-01-10,457.75,461.25,448.75,450.75
05-28-10,468.5,473.5,456.5,457.75
05-27-10,460.5,473.5,458,467.75
05-26-10,462.75,472,459,461.75
05-25-10,465.5,466.75,456.25,460.5
05-24-10,473.75,476,466,467.5
05-21-10,469.5,475,466.5,472
05-20-10,470.5,472.25,461.25,469.75
05-19-10,467.75,472,465.25,469.25
05-18-10,469,473.5,466,467.75
05-17-10,471,474.5,466.25,469
05-14-10,465.5,465.5,463,463.5
05-13-10,479.25,479.25,472,471
05-12-10,485,496,482,482.75
05-11-10,482.25,487.25,481,483.75
05-10-10,498,503,482.5,482.5
05-07-10,492.5,506.25,490,500.25
05-06-10,500,502,490,497.25
05-05-10,500.5,501.5,493,501
05-04-10,489,500.5,482.5,499.75
05-03-10,493.5,495.75,480.5,490
04-30-10,484,493.75,482,491.75
04-29-10,477,495.25,477,484.5
04-28-10,477,485,470.75,476.25
04-27-10,476.75,481.25,471.25,478.25
04-26-10,492.5,502.5,449,476
04-23-10,498,499.25,489.75,493.25
04-22-10,486.5,499.5,480.75,498.5
04-21-10,486.75,490,481.75,487.25
04-20-10,469.5,487.25,468.5,486
04-19-10,489,489,466.75,467.75
04-16-10,479.75,491.25,476.25,490.5
04-15-10,474.25,482.5,472.5,480.25
04-14-10,475.25,482,470.5,474.75
04-13-10,467,476.5,463.5,476
04-12-10,469,474.5,466,467.75
04-09-10,469.5,478.75,462.5,465.75
04-08-10,474.25,474.75,467,469.25
04-07-10,463.75,479.75,456.5,475.25
04-06-10,454,470,448.75,463.5
04-05-10,456,459.5,447,453.5
04-01-10,452.5,457.75,449.5,454.75
03-31-10,472,474.25,450,450.5
03-30-10,464.75,473.75,462.25,472
03-29-10,465.5,471.25,463,464.75
03-26-10,466.25,468.75,464,464.75
03-25-10,475.5,478.25,464.5,466.5
03-24-10,477,478.75,472,476
03-23-10,485.25,489,475.5,476.75
03-22-10,484.25,492.75,482.25,486.5
03-19-10,489.25,490.75,482.5,483.75
03-18-10,494.5,494.75,484.5,489.25
03-17-10,487.75,498.25,485.25,496
03-16-10,480.25,489,479.5,487
03-15-10,484.75,487,476.75,479.25
03-12-10,469.5,471.75,469.5,472.25
03-11-10,469,470.75,466,468.5
03-10-10,478,478,468.75,470.75
03-09-10,483,483.25,478.25,478.5
03-08-10,484,487.25,483.25,484.5
03-05-10,493,496.75,482.25,482.25
03-04-10,501.5,502.25,488,490.5
03-03-10,497.25,503.75,494.75,503.5
03-02-10,493,497.25,487,492
03-01-10,508,513,485,492.75
02-26-10,489.5,507,488.5,506.5
02-25-10,499,500.5,488,489.75
02-24-10,492,502.25,489.5,500.25
02-23-10,499.25,501.5,491,491.75
02-22-10,489.75,504,485.25,501.25
02-19-10,481,490.5,477.5,489.75
02-18-10,495,499.5,483,485
02-17-10,504.25,504.75,492.5,494.75
02-16-10,490,509,488.25,505
02-12-10,493.5,493.75,480,486.5
02-11-10,497.75,501.5,486,493.5
02-10-10,483.5,503,480.75,496.75
02-09-10,483,488.5,476.75,482.25
02-08-10,479.5,489,476.25,484
02-05-10,475,476.5,467,473.25
02-04-10,471,482,466.5,475.75
02-03-10,487.5,494.75,468,469
02-02-10,474.25,492.5,474.25,487.25
02-01-10,476,483.75,473,474.75
01-29-10,486.5,488.5,471.5,474
01-28-10,485.75,489.25,482.75,487
01-27-10,493.5,495,483,483.75
01-26-10,497.25,500.5,491.5,494
01-25-10,500.25,504,496.25,498.25
01-22-10,500.5,502,491.5,498.5
01-21-10,497.75,500.5,493,499.5
01-20-10,501,501.5,485.25,497.5
01-19-10,511,515.25,496,500.5
01-15-10,525.25,525.75,509,510
01-14-10,536.75,537.25,525.5,527.75
01-13-10,534.75,538,519.25,537
01-12-10,570,570.5,520.5,535.75
01-11-10,569,575,563.5,572.5
01-08-10,557.5,570,545.25,568.5
01-07-10,566.5,568,556,557.75
01-06-10,552,567.75,551,567.25
01-05-10,556.75,561.5,552,553
01-04-10,544.75,561.25,544,557.75
12-31-09,543.75,550,540,541.5
12-30-09,540,550,540,544.75
12-29-09,550,554.75,540,541
12-28-09,524.5,551,522.5,550.75
12-24-09,529.25,531.25,520.75,524.5
12-23-09,523,529.75,518.75,529
12-22-09,518.5,525,515.25,523
12-21-09,527.25,530,519,519.5
12-18-09,522,529,515,528
12-17-09,537.75,539.25,514.25,518.5
12-16-09,536,544,527.75,537.25
12-15-09,542.75,547,535.5,536.75
12-14-09,517,529.25,517,525
12-11-09,519.25,523,512,519.25
12-10-09,518.5,524.5,511,517.75
12-09-09,518,522.25,512.25,515
12-08-09,533.25,533.25,516.75,519.25
12-07-09,537.25,538.75,525.75,526.5
12-04-09,546,554.25,534.25,536.75
12-03-09,557.25,559.75,548,549.75
12-02-09,560.25,563.25,549.25,554.5
12-01-09,563,576.25,559,562.5
11-30-09,550.25,568.25,550.25,567.5
11-27-09,538,550.75,530.5,548.75
11-25-09,535.25,554.5,534.25,550.25
11-24-09,556.5,559.75,531.5,533
11-23-09,559,579.75,556.5,557.25
11-20-09,563.25,572.25,553.25,559.75
11-19-09,566.5,571.5,549.75,562.5
11-18-09,573,583.5,564.5,566.25
11-17-09,562.25,575.5,555.25,574.75
11-16-09,542,564,541,562.25
11-13-09,531,540.25,527.5,539
11-12-09,529,541.75,522,531.75
11-11-09,521.75,540,519.5,531.75
11-10-09,518,527,507.5,523
11-09-09,498,524.25,496.75,520
11-06-09,511.75,515.25,496.5,497.25
11-05-09,520.75,521.25,510.75,512.25
11-04-09,517,528.25,505,521
11-03-09,516.5,520.75,504.75,515.75
11-02-09,490,518.75,487.75,516.75
10-30-09,505,509.25,488,494.25
10-29-09,496.75,511.25,494.25,503.75
10-28-09,503,508.75,491.25,494.75
10-27-09,526,529.25,501.5,503.25
10-26-09,546.5,559.75,526,527
10-23-09,551.75,574.75,546.75,547.75
10-22-09,538.25,555.75,533.5,551.75
10-21-09,517.75,548.5,514.5,542.5
10-20-09,517.75,527,508,517.5
10-19-09,497.25,523,495.75,517.75
10-16-09,504.25,511.25,495.5,498.75
10-15-09,512.75,513.75,496.25,505
10-14-09,511.5,529,505,513
10-13-09,492.75,514.5,486,511.25
10-12-09,470.25,496.5,469.25,494.25
10-09-09,473.25,474.25,461,468
10-08-09,464,483,462.5,474
10-07-09,458.75,466,453.75,463.25
10-06-09,443,471.5,442.75,460.25
10-05-09,441.25,452,439.25,442.75
10-02-09,451.5,454,439.25,441.25
10-01-09,452,454,445.5,452.75
09-30-09,447.5,460,439.5,457.5
09-29-09,456,460,441.25,447.5
09-28-09,462,462,450.5,455.75
09-25-09,471.75,477.25,448,449.75
09-24-09,457.5,474,453,473
09-23-09,455.5,469,451,460
09-22-09,456.25,464.5,452.75,455.75
09-21-09,457,463,452.75,456
09-18-09,461.5,465.25,456.25,457.25
09-17-09,467.5,476.75,458,461.75
09-16-09,469.5,473.75,456.25,467.25
09-15-09,453.25,481.5,450,470.5
09-14-09,431,431,431,431
09-11-09,432.75,440.5,425.25,441.75
09-10-09,429.5,434,429.5,432.75
09-09-09,430.5,434.75,426.75,429
09-08-09,442.25,442.5,433,431.5
09-04-09,450,450,445,444
09-03-09,456.5,465,447.25,451.25
09-02-09,457,460.75,454.75,457
09-01-09,471,472,454.25,459.25
08-31-09,467,473.5,453.25,471
08-28-09,475,481.25,459.5,467
08-27-09,479,482.5,464.25,475
08-26-09,471,481.75,469.75,478.75
08-25-09,470.75,489,467,471
08-24-09,460.25,472.5,459.5,471.75
08-21-09,468,476,458.75,460.25
08-20-09,467,471.25,462.25,469
08-19-09,472.5,480.75,457.75,466
08-18-09,470.25,479,468.5,470.5
08-17-09,481.25,481.25,465.25,471.75
08-14-09,482.25,486.5,473.75,481.75
08-13-09,487,496.5,480.25,481.5
08-12-09,485.75,491,476.25,490.25
08-11-09,494.25,499.75,483.5,485.25
08-10-09,488,501.5,485.25,494.25
08-07-09,501,505,488,489.5
08-06-09,529.25,530,499,500.25
08-05-09,542,546.75,522.25,528.75
08-04-09,548.75,551,538.25,542.25
08-03-09,528,557.5,529.25,549.25
07-31-09,516,530,514.75,528.25
07-30-09,512,527.25,511.75,516.25
07-29-09,514.75,518,505,511.5
07-28-09,520,528,514.5,516.25
07-27-09,516.25,523.75,512,520.5
07-24-09,531,535.5,515.5,516.25
07-23-09,522.75,538.75,520,531.75
07-22-09,531,532.5,513.25,522
07-21-09,542.25,544.25,530.25,534.75
07-20-09,541.75,553.75,531.75,542.25
07-17-09,533,547.5,528,541.75
07-16-09,534,549,528,533.25
07-15-09,530,549,527.75,534.75
07-14-09,515.25,516,505.25,501.75
07-13-09,493.75,517,491.25,515.75
07-10-09,494.5,495.25,487.75,491.75
07-09-09,494.25,497,490.25,494.25
07-08-09,485.5,522.5,484.25,488.5
07-07-09,491.5,495.5,483.5,483.75
07-06-09,500.75,501,489.75,490.5
07-02-09,507.5,511,499.5,500.25
07-01-09,517,519.5,502,506.25
06-30-09,529,536.5,495.75,511.25
06-29-09,534.25,540,525.5,528.5
06-26-09,533,538,530.5,534.25
06-25-09,539.5,541.5,528,533
06-24-09,546.75,552.5,536.75,539.75
06-23-09,546,552.25,540.75,546.75
06-22-09,555,555.5,542,546
06-19-09,561,567.75,552,555.25
06-18-09,568,570.5,556,560.25
06-17-09,565.5,572.25,555.5,566
06-16-09,576.75,583.5,564.75,565.75
06-15-09,587,587.25,568,575.25
06-12-09,592,598,577,584.75
06-11-09,596.5,607.5,589,594.75
06-10-09,613.5,617.25,592,596
06-09-09,598.25,617.5,597.25,613.75
06-08-09,623.25,625,595.75,598
06-05-09,639.25,639.5,621,623
06-04-09,618.25,642.75,614.25,635.25
06-03-09,667.25,668.5,614.5,617.5
06-02-09,672,673.25,658.25,669.5
06-01-09,636.75,677,636,674.5
05-29-09,630.25,644.5,625,637.25
05-28-09,623.75,646.25,618,630.5
05-27-09,612.75,629,610,625.75
05-26-09,609.25,619.75,602.5,612
05-22-09,593,618,593,612.5
05-21-09,597.25,601.5,584.5,593.5
05-20-09,587.75,604.75,585.75,597.75
05-19-09,589.25,596.25,584,588.75
05-18-09,572,600,563.25,590.5
05-15-09,592,595.25,575,577.5
05-14-09,573,581.5,572,581.5
05-13-09,589,589.5,577.75,578.75
05-12-09,584.5,584.5,569.5,582.5
05-11-09,575.75,583,575.75,580.5
05-08-09,566.5,581.25,566,580.5
05-07-09,554,563,548,559
05-06-09,541.5,548.75,537,547.75
05-05-09,543.25,550,540,541.5
05-04-09,546.75,558,535,538.5
05-01-09,524.75,560.5,524.5,557.25
04-30-09,521,532.75,518,524.25
04-29-09,510,523.5,508.75,520.75
04-28-09,509.75,518.25,507.25,510.5
04-27-09,531.75,539,507,508
04-24-09,530,533.75,524.75,532.25
04-23-09,517.75,533.25,512,529.25
04-22-09,510.5,518,509.25,516.75
04-21-09,504.75,516.5,503.5,509.5
04-20-09,522.5,525,500.75,504.5
04-17-09,526.75,531.75,520,523
04-16-09,516,527.5,513.5,524.75
04-15-09,523,530,514.75,515.25
04-14-09,524,533.25,518.25,522.25
04-13-09,522,530.5,515.25,523.25
04-09-09,532.5,543.5,521,522
04-08-09,540,544.75,531,532
04-07-09,557,564.5,538.75,539.75
04-06-09,563,572.75,553,557
04-03-09,551,565,546,563.5
04-02-09,525.5,552,523.5,550.5
04-01-09,527.75,531.25,515.75,525.5
03-31-09,513.75,534,508,532.75
03-30-09,509,516,501,512.5
03-27-09,514,517.5,503,507.25
03-26-09,510,518,507.25,514.5
03-25-09,536,536,506.75,508
03-24-09,551.75,552.75,530.25,535
03-23-09,549,563,545,549.25
03-20-09,556.25,561,541,550.25
03-19-09,540.5,559.5,537.75,555.25
03-18-09,554,559,528.25,530
03-17-09,540.25,554.75,536.75,552.5
03-16-09,514.25,546.5,511.5,544.25
03-13-09,513,516.25,506.25,506.5
03-12-09,501.5,516,501.5,515.25
03-11-09,522,522.5,496.75,498.75
03-10-09,525.25,527.5,523.25,522.75
03-09-09,516,516.75,512.75,513
03-06-09,508.25,522.25,508.25,516.25
03-05-09,515,516.25,503,504
03-04-09,497,526.5,497,511.75
03-03-09,496.25,499,488.25,490.25
03-02-09,508,516,492,494.75
02-27-09,515.75,517.5,506,510.5
02-26-09,526,534,512,514
02-25-09,517.25,528.75,510,524.75
02-24-09,509,517.25,505,515.25
02-23-09,519,528.25,508.75,510.5
02-20-09,520,523.75,504.5,519.25
02-19-09,511,523.25,510.75,519.5
02-18-09,516.25,518.25,510,510.75
02-17-09,534,537.25,513,515.5
02-13-09,539.25,545.5,534.5,535.5
02-12-09,544.25,552.25,536,538.75
02-11-09,553,556.5,542,543.25
02-10-09,563,566,543.5,556
02-09-09,560.25,577,556.25,565
02-06-09,562,570.5,554,557
02-05-09,542.25,567.5,541.5,561.75
02-04-09,553.25,562,538.75,542.25
02-03-09,561.75,569.5,551,552.5
02-02-09,568,571,551.75,563.75
01-30-09,579,586.75,566.25,568
01-29-09,595,596.5,573,578
01-28-09,584.25,600.75,580.5,595.25
01-27-09,594,601,580,584.75
01-26-09,583.75,611,581.75,592.5
01-23-09,566.5,598.75,557,582.75
01-22-09,572,580.5,558,566.75
01-21-09,553,573,551.75,571.75
01-20-09,579,588.75,548.25,550
01-16-09,568.25,585,568,578.25
01-15-09,573,577,562.75,568.75
01-14-09,574.75,581.25,560.5,574.25
01-13-09,567,590,561,570.75
01-12-09,628,637.5,569.5,569.75
01-09-09,613.75,632,612.5,629.5
01-08-09,610.25,620.75,598,612.5
01-07-09,641.5,646.25,609.5,613.25
01-06-09,615,645,611.5,643.5
01-05-09,613,619.5,596.25,616.75
01-02-09,606.25,615,592,611
12-31-08,603.5,615,592,610.75
12-30-08,590.25,607,584.75,604.75
12-29-08,599,616,588.25,592
12-26-08,582,602.5,580,599.25
12-24-08,575.25,585.25,572.5,582.25
12-23-08,568.75,581,553,575.25
12-22-08,565.5,570.25,557.5,569
12-19-08,570,570,558,563.25
12-18-08,556.5,575.5,553.5,571.5
12-17-08,552.75,561,537.75,557.5
12-16-08,519.25,552,515,544
12-15-08,516.5,535,516,520
12-12-08,492,508,476,506.75
12-11-08,490,551,490,491.25
12-10-08,471.75,492.5,471.75,492.5
12-09-08,475.25,478.5,472,472.25
12-08-08,474.75,481.5,467,473
12-05-08,468.25,465,455,457.75
12-04-08,498.25,500,467,467.75
12-03-08,511,539.75,500,500.75
12-02-08,509.75,519.75,504.5,509.75
12-01-08,541.75,543,503.5,509.75
11-28-08,545.25,546.25,531.5,542.5
11-26-08,537.5,546.5,525.5,535.5
11-25-08,537.75,542.5,528.5,534
11-24-08,502.25,559,501.25,537.5
11-21-08,507,514,496,499
11-20-08,521,524.75,500.5,511.75
11-19-08,530.25,540.5,525.25,527
11-18-08,535,548.5,526.75,529.75
11-17-08,551.5,567,525.5,533.75
11-14-08,550,559.75,529,554.25
11-13-08,535,568.5,521.25,538.25
11-12-08,522,555,507,533
11-11-08,519.25,526,505.25,523.25
11-10-08,528.25,536.25,505.25,520
11-07-08,520,529.5,515,521
11-06-08,537.5,539.5,513.5,522.5
11-05-08,571.75,580.25,533.25,537.25
11-04-08,552.75,587.75,547.5,572.5
11-03-08,538.75,576,532.75,562
10-31-08,540,542.5,524,536.25
10-30-08,560.5,578.5,530.5,538
10-29-08,527.75,574,517,561.25
10-28-08,528.75,549.5,511.25,514
10-27-08,525.5,532,502.5,529.5
10-24-08,534,539.5,496.5,516.25
10-23-08,520.75,538,518.75,523
10-22-08,552.5,553.5,515,517.75
10-21-08,564.5,571.5,546,549
10-20-08,565,579,554,563.5
10-17-08,564.75,571.25,555,566.25
10-16-08,554.75,561.5,543,555.25
10-15-08,573.25,579.75,554,555.75
10-14-08,597,609.5,570,573
10-13-08,571,595,565.25,588.5
10-10-08,586.25,591.75,557.75,563.5
10-09-08,609.75,621.5,600,604.75
10-08-08,604.25,619.5,586.25,608
10-07-08,598.5,616,594,603.25
10-06-08,631.75,633.25,588,595.25
10-03-08,636.75,654.25,631.25,640.25
10-02-08,669.75,677.75,630,636
10-01-08,683.25,690.25,666,669.75
09-30-08,668,689.5,647.75,680
09-29-08,711,715.75,666,668
09-26-08,731,735.5,714.75,716
09-25-08,731,741,720,736.25
09-24-08,750.25,760,723.25,730.25
09-23-08,738,755,725.75,750.5
09-22-08,721.75,757.75,715,737.75
09-19-08,699,722.5,690.75,718
09-18-08,728,736.25,688.75,692.75
09-17-08,693.25,730,686,725.75
09-16-08,725,732,686,690
09-15-08,728,740,702,727
09-12-08,715.75,725,699,703.75
09-11-08,699.5,714.75,699.5,707.25
09-10-08,701,711,698,706.75
09-09-08,720.75,721,700,711.5
09-08-08,738,740.75,720.5,722.75
09-05-08,744.5,744.5,721.75,729.75
09-04-08,758.75,763.75,751.25,755.25
09-03-08,744,757.25,739.75,752.25
09-02-08,770,770,734.25,744.25
08-29-08,788.75,791.5,778,779.25
08-28-08,804.25,807.75,779.25,789
08-27-08,831.25,839.5,797.25,802.75
08-26-08,840,844.75,810.5,830.5
08-25-08,875,885,839,840.25
08-22-08,893,894.75,863,865.5
08-21-08,873.75,932.25,870,897.25
08-20-08,843,877.75,842.5,874.75
08-19-08,858.5,873.25,841,845.25
08-18-08,823,875,823,859.75
08-15-08,862.5,863.75,815.5,824.25
08-14-08,851,888,834.75,864.5
08-13-08,790,850.25,790,850.25
08-12-08,795.5,800,776.25,790.25
08-11-08,763,814,761.75,793.75
08-08-08,823,823.5,762.5,765.25
08-07-08,765.5,825.75,764.75,822.25
08-06-08,780,790,751,765.75
08-05-08,758,806.75,746,780
08-04-08,794,798.25,752,758.75
08-01-08,784.5,810.25,782,794
07-31-08,788.5,798.5,782,783.75
07-30-08,794.5,799,782.25,787.75
07-29-08,798.5,801.25,777.75,792
07-28-08,814.25,832,795,797.75
07-25-08,790,822.75,781.75,811
07-24-08,781,795,777.5,787.75
07-23-08,796.75,801,775,783.25
07-22-08,792.25,802.5,787,796.75
07-21-08,797.75,803,786.25,791
07-18-08,808.25,822,798.25,804
07-17-08,833,842,807,809.5
07-16-08,809.5,839,796.5,834
07-15-08,818,828.5,805,811
07-14-08,807,814,804,810
07-11-08,817.5,832.25,801,819
07-10-08,809,818.75,803.25,806.5
07-09-08,829,829,811,814
07-08-08,816,832,801,823.25
07-07-08,836,865,813.25,822
07-03-08,860,877.5,855.25,872.75
07-02-08,845,868.5,840,865.25
07-01-08,845,860.25,839,849.75
06-30-08,879,903.25,839,843.5
06-27-08,924,940,890,895.5
06-26-08,898.5,952.75,898.5,924
06-25-08,869.25,911.75,866.5,901.75
06-24-08,866,883.25,859.75,870
06-23-08,843,873.5,842.25,866.25
06-20-08,881,893.75,863.25,866.5
06-19-08,904,910,875,881
06-18-08,898,913.5,885,904
06-17-08,873.5,901.5,869,898.25
06-16-08,883,913.75,874.25,876.5
06-13-08,851,893,838,882
06-12-08,883,883,837.75,851
06-11-08,810.25,869,804.5,869
06-10-08,794,812.5,786.5,809
06-09-08,822,838,786.5,788.5
06-06-08,785,829.75,783.25,811
06-05-08,755.5,786.25,753.5,785.5
06-04-08,752,764.75,747,753
06-03-08,780,782.5,745.75,750.5
06-02-08,759.5,798.25,759.5,782.5
05-30-08,743.5,765,739.75,761.5
05-29-08,759.75,762.5,730.75,743.5
05-28-08,756.75,766.5,743.5,759
05-27-08,754.25,767.75,752.5,759
05-23-08,746.75,759.5,740,752.5
05-22-08,778,788,743,745
05-21-08,782,794.5,775,778
05-20-08,796,809.5,783,784
05-19-08,776.5,807.25,771.25,791
05-16-08,770.5,784,765.75,775.5
05-15-08,764.75,775.5,748.25,771.5
05-14-08,761,761,761,761
05-13-08,786.5,795.5,784,785.5
05-12-08,789.5,795.25,787.75,793.5
05-09-08,787.5,793,780,791.5
05-08-08,807,825,793,809
05-07-08,806,810.25,792.25,795
05-06-08,789,824.25,788.5,806
05-05-08,801,819.5,786,792.5
05-02-08,792,798.25,779,796
05-01-08,783,794.75,764.5,776.5
04-30-08,794,799.75,784.25,787.25
04-29-08,825,830.75,787.25,794
04-28-08,805.5,826,800,826
04-25-08,803,822,799,800.5
04-24-08,808,822.5,801.5,809.25
04-23-08,852.25,853,808.5,817.75
04-22-08,850,860.75,831,851.75
04-21-08,853,872.5,827.25,845.75
04-18-08,913.25,918.75,863,870
04-17-08,924,945.25,900,913
04-16-08,896.25,925.5,892.5,924.5
04-15-08,897,927.75,893.5,895.75
04-14-08,898,915,878,896
04-11-08,925,935.5,885,896.5
04-10-08,937.75,952,918.75,923
04-09-08,939,961,895,934
04-08-08,923.5,944.25,910,934
04-07-08,974.25,980.5,914.25,921.25
04-04-08,940.25,985.5,929,974.25
04-03-08,941,954.5,928.25,937
04-02-08,900.25,940,898,936.5
04-01-08,929,932.75,890,895
03-31-08,998,1015,929,929
03-28-08,1012.5,1022,967.75,989
03-27-08,1039,1052,1000,1014
03-26-08,1084,1091.25,1030,1033
03-25-08,1026.75,1118.75,1015,1067.5
03-24-08,987.5,1062.25,987.5,1020
03-20-08,1077.75,1094,976,987.5
03-19-08,1164.5,1170,1074,1074
03-18-08,1130,1170,1119.75,1164
03-17-08,1184.25,1222,1131.5,1131.5
03-14-08,1240,1240,1160,1160
03-13-08,1275,1290.75,1245,1234
03-12-08,1219,1293,1191,1270
03-11-08,1295,1298,1146,1240
03-10-08,1090,1094,1074,1140
03-07-08,1089,1110.25,1084.75,1092.5
03-06-08,1123,1124.75,1086.5,1114
03-05-08,1102,1126.75,1073.25,1096
03-04-08,1092,1116.25,1044.25,1077.5
03-03-08,1246,1247,1078,1093
02-29-08,1155,1167,1071,1073
02-28-08,1229,1260.75,1160,1169
02-27-08,1248,1334.5,1065.25,1280
02-26-08,1199.5,1199.5,1106.5,1199.5
02-25-08,1051,1109.5,1051,1109.5
02-22-08,1034.25,1052,1015,1049.5
02-21-08,1020.75,1032.5,1007.75,1029.5
02-20-08,1042,1042,1008.25,1020
02-19-08,1026.75,1060.25,1018,1036
02-15-08,1039.25,1050.5,1011,1027.5
02-14-08,1009.5,1045,1002.75,1032
02-13-08,1005.25,1014.75,980,991.5
02-12-08,1048,1064.25,989,1007
02-11-08,1153,1153,1040,1048
02-08-08,1079,1093,1079,1093
02-07-08,1060,1063,1034,1063
02-06-08,1017.5,1033,1016,1033
02-05-08,977.75,1003,972.25,1003
02-04-08,948.5,973,948,973
02-01-08,934,957.25,933,943
01-31-08,923,942.25,909,929.5
01-30-08,948.25,950.5,920,922.5
01-29-08,974.5,993,939.25,944
01-28-08,939.75,963,933,963
01-25-08,912,938.5,903.25,933
01-24-08,914.75,929.5,902,909
01-23-08,935,951.75,904,905
01-22-08,949.75,986.5,932.5,934
01-18-08,940.25,967.5,923.5,962.5
01-17-08,928.5,956.5,927.25,940.5
01-16-08,931.75,942.75,902,926.5
01-15-08,914,944,901,932
01-14-08,912.5,939.25,902.75,917
01-11-08,890,912.5,885,909.25
01-10-08,887,907,878.5,882.5
01-09-08,912.25,916.5,888,889.5
01-08-08,903.75,930,895.5,907.5
01-07-08,926.75,934,901.5,903
01-04-08,947,958,916.25,931.5
01-03-08,920,945,919,945
01-02-08,892.5,915,888.25,915
12-31-07,883,900,877.25,885
12-28-07,914,920.25,885,885
12-27-07,940.75,946,912.5,915
12-26-07,939,952.5,934,941.25
12-24-07,944,947,928,935.25
12-21-07,954.75,960,938.25,949
12-20-07,977,983,950,954
12-19-07,954.5,979,947,973.5
12-18-07,969.25,977,945.5,952
12-17-07,984,1009.5,965,966
12-14-07,937,948.5,926.25,939
12-13-07,934,950.5,910,934
12-12-07,885.5,934,885.5,934
12-11-07,910.75,911,890,894
12-10-07,916.25,927,903.5,909
12-07-07,872.75,904,871.5,903.5
12-06-07,855,876,855,871
12-05-07,876,876,850.25,863.75
12-04-07,857.75,875,855.75,875
12-03-07,865.75,866.5,845.25,855
11-30-07,864,888.75,845.75,867
11-29-07,869,892,859,869
11-28-07,831,859,822,859
11-27-07,830.5,831,806.25,829
11-26-07,825.5,841,811.5,814
11-23-07,810.75,833.5,805.5,826.5
11-21-07,773.75,803.5,772,803.5
11-20-07,757.5,774.75,749,773.5
11-19-07,750.75,764,750.25,756.25
11-16-07,767.75,770,745.5,749.5
11-15-07,754,773.25,753.75,765.5
11-14-07,748,759.25,740.75,752.5
11-13-07,761,765,745.5,748
11-12-07,762.5,770.5,748.5,761
11-09-07,762.5,765.5,744.75,762
11-08-07,787.25,791.5,760,762
11-07-07,799,811,786,787.75
11-06-07,787.25,804,786.25,797
11-05-07,778,792.5,770.5,785
11-02-07,778.5,786.5,774,778.5
11-01-07,811,825,778,778.25
10-31-07,812.75,824,804,808
10-30-07,828.5,829,808.75,814
10-29-07,800,830,798.5,828.5
10-26-07,799.75,810,795,800
10-25-07,804.25,814.75,790.25,802
10-24-07,838,840.5,811,811
10-23-07,873.25,878,841,841
10-22-07,855.25,874.25,837.25,871
10-19-07,827,855.5,824.25,855.5
10-18-07,824,832,818.5,825.5
10-17-07,830.75,837.5,818,820.5
10-16-07,832,836,810,828.5
10-15-07,856,863,827.5,833.5
10-12-07,886,890,853,857.5
10-11-07,853,883,852,883
10-10-07,845,858.5,841,853
10-09-07,845.75,876.25,835,845.5
10-08-07,886.5,889,860,860
10-05-07,907.25,912.25,888,890
10-04-07,939,948,904,906
10-03-07,913.5,944,892.5,927
10-02-07,955,959,922.5,922.5
10-01-07,953.25,958.5,941.75,952.5
09-28-07,933,961.75,921.75,939
09-27-07,929.25,946.75,925.5,933
09-26-07,887.25,917.25,885,917.25
09-25-07,879.5,905,872.75,887.25
09-24-07,876,896.25,870,877.75
09-21-07,850.25,880,850.25,874
09-20-07,845.5,863,839,850
09-19-07,870.75,875.75,839,845
09-18-07,876.5,898,865,869
09-17-07,854.5,876,853.75,875
09-14-07,815,841,815,838
09-13-07,845.25,845.25,815,825.5
09-12-07,881.5,887.75,838,840
09-11-07,850,871,843,871
09-10-07,837,863.75,837,849
09-07-07,818.5,840,808.75,840
09-06-07,843.5,844,808,816
09-05-07,808.25,886,808.25,842.5
09-04-07,784,811.25,783.25,807
08-31-07,768.5,795,761.25,767
08-30-07,742,774,741.75,770
08-29-07,720.75,744,714,742
08-28-07,722,737.75,718,720.5
08-27-07,725.75,729.5,718.75,722.25
08-24-07,723.5,732,718.5,725.75
08-23-07,716.5,741,708.5,722.5
08-22-07,691,720,686.25,718.5
08-21-07,675,693.25,675,691.5
08-20-07,670,676.5,663.5,675
08-17-07,674.25,678,660.5,672
08-16-07,678.5,682.75,654.75,673
08-15-07,692,702.75,677,678.5
08-14-07,669.25,693.5,667.25,692.5
08-13-07,673,677,660,666.5
08-10-07,672,680.5,661.5,667
08-09-07,678.5,696.5,670,673.5
08-08-07,661.5,682,661,679
08-07-07,664.5,670.75,658,662.5
08-06-07,647,665.75,641.25,664
08-03-07,643.5,658,643.5,650
08-02-07,638,651.75,638,641.75
08-01-07,630.25,637.25,620,636
07-31-07,639,640.5,626,630
07-30-07,654.5,655.25,632,637.5
07-27-07,651,656.5,643.5,653.25
07-26-07,635,664,634,651
07-25-07,640.5,643.25,630.25,634
07-24-07,622.75,648,622,642
07-23-07,616.25,622.5,611,620.25
07-20-07,619.75,630.25,613.25,616.25
07-19-07,624.25,638.5,616,620
07-18-07,603,627.5,599.25,623.5
07-17-07,602.25,619,600.5,601.25
07-16-07,611.75,614.5,599.5,601.75
07-13-07,611.5,616,608,614
07-12-07,617.5,617.5,602.75,611.5
07-11-07,595.25,614,595.25,611
07-10-07,591.25,601,591,592
07-09-07,601.75,601.75,588,588.5
07-06-07,592,601,589,600.5
07-05-07,580,594,579.5,591
07-03-07,570,575,562.5,571.5
07-02-07,583.25,594.25,564,569.5
06-29-07,609,633.75,580.5,582
06-28-07,607.5,616,602.75,609
06-27-07,609.25,625,597,606
06-26-07,589.25,618.5,585,608.5
06-25-07,592.75,596,584.5,589.5
06-22-07,603.75,607.75,586,592.25
06-21-07,606.25,618,592.25,606
06-20-07,582,611,582,605
06-19-07,605,605,578.25,581
06-18-07,608,611.5,595.75,601
06-15-07,605.25,612.75,603,606.5
06-14-07,590.75,619.25,589.25,606.5
06-13-07,565.5,595,560.5,589.5
06-12-07,554.75,576,552.75,565
06-11-07,535.25,557.5,533.5,556
06-08-07,524.25,530.75,516,527.5
06-07-07,519,528.75,514.5,524.5
06-06-07,527.75,531.5,515.5,519.75
06-05-07,521.5,536,520.25,527.25
06-04-07,520,531,518.5,520.25
06-01-07,517.5,530.5,515.25,520.75
05-31-07,511,524,507.75,517
05-30-07,492.25,512.75,490.5,510.75
05-29-07,499.25,502.5,488.5,491
05-25-07,492,502.5,489.25,501
05-24-07,476.75,493.5,475.75,491
05-23-07,471.25,479,471,476.5
05-22-07,478,478.25,468,471
05-21-07,471.25,481,468.5,479.5
05-18-07,486.5,490.25,470.5,471.25
05-17-07,496.75,498.75,483.25,485.5
05-16-07,502.75,504.25,495,496.75
05-15-07,494.25,507.5,488.25,502
05-14-07,484.5,493,484.5,489
05-11-07,469.75,486,469.75,483
05-10-07,470.25,474,469.75,473
05-09-07,473,473.25,471,471
05-08-07,478,478,468,469
05-07-07,482.25,484.5,474,482
05-04-07,478,482,476,482
05-03-07,479,485,479,481
05-02-07,483,484.5,477.25,479.5
05-01-07,480.5,489,468.5,488.5
04-30-07,486,498.5,482,485.5
04-27-07,504.75,506.25,492.5,500.5
04-26-07,509,519.75,503.5,507
04-25-07,485.5,513.5,485.5,506.25
04-24-07,492.25,492.25,479.5,483.5
04-23-07,503,504,490.25,494
04-20-07,496,514,490.25,502
04-19-07,476,497,474.75,496
04-18-07,475,485,474,474.5
04-17-07,482.25,489.75,474.5,477.5
04-16-07,475.75,480,471.5,475.25
04-13-07,461.75,485.5,459.75,478.5
04-12-07,455.5,463,448.75,458
04-11-07,459.5,464.25,455.5,456.25
04-10-07,448.25,464,448,457.75
04-09-07,455,475,441.75,447.5
04-05-07,433.5,450,432,445
04-04-07,420.5,437.25,420.5,431.25
04-03-07,428,431.75,418,419
04-02-07,433.75,438,412,428
03-30-07,461.25,466,431,438
03-29-07,457.5,469,455,461
03-28-07,455.5,459,452,456.5
03-27-07,457.75,459.75,451.25,454
03-26-07,462,466,451.25,458
03-23-07,468,468.75,460.75,461.5
03-22-07,466,469.5,460.5,467
03-21-07,465,469.75,460,465.5
03-20-07,456,464,453.5,462.75
03-19-07,462.5,465,452,455
03-16-07,455,466.5,452,460.75
03-15-07,463.75,468,455,455.5
03-14-07,455,455.25,446,446
03-13-07,461.5,462.5,455.75,456
03-12-07,465.5,465.75,459.5,460
03-09-07,463.75,470.5,463.75,465.5
03-08-07,465.5,470,463,464
03-07-07,461.75,466.5,461.75,466.5
03-06-07,468.5,468.5,459.5,459.5
03-05-07,460.75,468,453.5,468
03-02-07,462,469,459,459.5
03-01-07,474.25,474.25,455.5,468
02-28-07,469.75,475,465,474.5
02-27-07,482,482.75,454.75,470.25
02-26-07,484.75,494,482,483
02-23-07,490,490,483.75,484.25
02-22-07,477,490.5,476,489.5
02-21-07,465.5,479.25,462.75,476
02-20-07,468.25,469.5,462.75,464.5
02-16-07,453.5,470.5,451.5,468
02-15-07,452,456,447.75,453.25
02-14-07,461,461.25,448,451
02-13-07,456,461.25,455,459
02-12-07,462.5,464,454,455.75
02-09-07,459,470.5,457,460.25
02-08-07,452.75,460,451.5,457
02-07-07,452.5,455.5,449,452
02-06-07,458.5,460.5,450,451
02-05-07,462.75,466,458,458.5
02-02-07,459.5,464.5,455.75,461.25
02-01-07,467.5,472,459.5,460.25
01-31-07,460.5,470,459.5,467.5
01-30-07,457.5,461.25,453.5,459.5
01-29-07,465,466.25,455.5,456.5
01-26-07,468.75,470.5,462,463.5
01-25-07,468.25,472.5,461,468.75
01-24-07,481.5,482.5,463.5,466
01-23-07,466,481,465.5,480.25
01-22-07,466,470.5,463.5,465
01-19-07,471,473,464.5,467
01-18-07,477,485,466.75,471
01-17-07,463.75,480,462.5,477
01-16-07,480,484.5,463,464
01-12-07,458.75,486.5,457.25,479.5
01-11-07,450.5,464.5,450.5,456.5
01-10-07,453,457.5,447.5,449.5
01-09-07,461,464,452,453
01-08-07,470,471.25,455.5,464
01-05-07,469,471,462,470.25
01-04-07,478,480,464.5,467.5
01-03-07,493,493.75,476,476.5
01-02-07,498,499.25,490.25,501
12-29-06,504,506.75,494.5,501
12-28-06,507.5,512,502.5,504.25
12-27-06,515.75,518,506,507
12-26-06,516,521.5,513,516.75
12-22-06,504.25,515,502.25,514
12-21-06,494,504.5,493,503.25
12-20-06,492.75,495,486,493.75
12-19-06,487.5,494.5,482.25,492
12-18-06,494.5,494.75,481.5,487.5
12-15-06,491.75,495,486,494.25
12-14-06,472.5,479.5,472,477
12-13-06,465,473,464,472.5
12-12-06,474.5,477.25,465,465
12-11-06,470.25,475,463.5,475
12-08-06,476,476,468,469
12-07-06,474,478,469.5,477.5
12-06-06,495,495,475,475
12-05-06,498,498.5,493,498
12-04-06,499,500.25,491,499.5
12-01-06,507,507,496,500
11-30-06,491.5,505.25,491,502
11-29-06,487,492.25,479,490.5
11-28-06,493.75,493.75,480.5,487.25
11-27-06,501.25,508,485.75,490.25
11-24-06,487.25,501,483,500
11-22-06,482,498,478,486.25
11-21-06,476,480.75,470,479.75
11-20-06,477,486.25,471.75,475
11-17-06,471,475,465,474
11-16-06,480.25,485.5,466.25,468.75
11-15-06,490,497,480,481.5
11-14-06,477.25,492.75,470,486.5
11-13-06,479,487.25,475,477
11-10-06,490,499,478,480.5
11-09-06,505,510,486,488
11-08-06,497.5,519,497.5,504
11-07-06,498.75,501,493.25,497
11-06-06,495.5,502.5,493.5,498
11-03-06,491,494,484.75,492.5
11-02-06,490,510,488,491.5
11-01-06,485.75,494,476.5,487.5
10-31-06,502.25,503.75,482,483
10-30-06,507,513.5,497.25,501
10-27-06,509.25,526.5,500,508.5
10-26-06,516.25,517.25,505,507.5
10-25-06,526,541,515.25,516.75
10-24-06,517.25,527.5,511.25,522.5
10-23-06,506.5,521.5,499,517
10-20-06,513.5,523,502.5,505
10-19-06,512.5,529,505.5,513
10-18-06,531.25,531.25,512,512.5
10-17-06,541,557,528.75,531
10-16-06,525,550,520,542.5
10-13-06,516.5,539,516.5,525.5
10-12-06,543.5,551,511,515.5
10-11-06,501,541,500.5,531
10-10-06,524,524,493,501
10-09-06,467.25,494,466.25,494
10-06-06,465.5,477,458.5,464
10-05-06,464,487,460,464
10-04-06,441.5,469.5,440.25,465
10-03-06,446.25,447.5,435.25,439.5
10-02-06,445,458.5,443.5,446
09-29-06,445.5,453,441,443
09-28-06,424.75,448,424.5,445.5
09-27-06,423.75,430.75,419,424.25
09-26-06,414,426.5,414,423
09-25-06,418,419.75,411.25,413.75
09-22-06,420.75,422,417.5,419
09-21-06,408.5,423,407.5,421.5
09-20-06,410,413.5,406.25,407.75
09-19-06,395.75,411.5,395.75,409
09-18-06,395.25,398.5,392.25,395.5
09-15-06,391.25,398,387.5,392.5
09-14-06,383.5,384,376,377
09-13-06,389,394,381.5,381.5
09-12-06,395,400,388,388.75
09-11-06,399,399.5,393.5,398
09-08-06,404,406,400,400
09-07-06,399.5,404,395,403.5
09-06-06,403,404,398,399
09-05-06,406,410,402.75,404
09-01-06,401.5,403.25,397.5,401.25
08-31-06,398.25,405,395.5,404
08-30-06,381.25,398,380.5,397.5
08-29-06,384.75,387,380,380.5
08-28-06,379,388.5,379,384.75
08-25-06,374.75,387.75,373.5,378.5
08-24-06,365.5,376,365.5,375.5
08-23-06,359.5,369.5,359.5,366
08-22-06,365.25,367,358.5,359.75
08-21-06,364,368,363,365.75
08-18-06,363.75,366.5,357.25,364.5
08-17-06,371.75,375,362.5,363.5
08-16-06,376.25,381.5,371,371.5
08-15-06,373.5,378.75,373,376.75
08-14-06,373.5,379,369.75,374
08-11-06,386.5,390.25,373,373.75
08-10-06,388,391.5,385,386.5
08-09-06,384,390,382.75,388
08-08-06,392.25,393.5,382.75,384
08-07-06,394.5,396,390.5,393
08-04-06,396.25,402,395.25,396
08-03-06,401.5,405.5,392,395.25
08-02-06,393,403.5,393,401.5
08-01-06,396.75,397.5,389.5,392.5
07-31-06,389.5,399,388.25,397.5
07-28-06,387.75,391,385.5,388.5
07-27-06,383.5,391,382.5,387.75
07-26-06,395,396,380,382
07-25-06,402.5,405.5,392.5,393.25
07-24-06,405.75,406,399,400.5
07-21-06,405.25,414,404,407.25
07-20-06,391.5,409,390.75,406.5
07-19-06,397,398,389,393
07-18-06,395,400,391.5,398
07-17-06,397,403,392.5,393
07-14-06,377,377,363,366
07-13-06,391,391,373,376
07-12-06,400,401.75,387,390
07-11-06,388,398,380,398
07-10-06,384.5,386,381,382.5
07-07-06,390,391,381,381.5
07-06-06,387,391,384.25,390
07-05-06,385.25,388,381,386.5
07-03-06,371.5,385,371.25,384.25
06-30-06,376,380,370,371.5
06-29-06,370.75,375.5,367.75,374
06-28-06,375,378,370,372
06-27-06,368,380.5,368,378.25
06-26-06,362,369,359.5,368.5
06-23-06,365.5,369,362,363.25
06-22-06,373,373,365,365.5
06-21-06,365.25,374.75,364.75,372
06-20-06,359.25,367.5,359.25,367
06-19-06,359,362,356.5,358.5
06-16-06,361.5,365.5,358,359
06-15-06,361.5,365.75,360.5,361.5
06-14-06,370.5,372.75,360.25,361.25
06-13-06,374.25,377.25,368.5,369.75
06-12-06,375.5,379.5,373,373.75
06-09-06,383.5,390.5,371,372.5
06-08-06,387.5,388.75,382.5,383.5
06-07-06,386.5,391,380,387.75
06-06-06,399,399.75,383,385
06-05-06,403,407,397.5,398.5
06-02-06,395,405,392.5,403.75
06-01-06,394.25,398.25,389,392
05-31-06,412.25,413.5,391,393.5
05-30-06,417.5,425.5,409.5,412
05-26-06,410.25,421,410,415.5
05-25-06,411,415,404.5,409.5
05-24-06,418,419.5,408.25,411.75
05-23-06,429.75,433,418,419.75
05-22-06,418.75,428,409,426.25
05-19-06,418.5,418.5,408.25,416.25
05-18-06,423,427,416,418.5
05-17-06,405,425,403.5,423
05-16-06,399,404,395.25,403.5
05-15-06,402.75,406,395.75,399.5
05-12-06,400,400,384.75,394
05-11-06,373,382.5,373,382.5
05-10-06,376,378,376,377.5
05-09-06,369.5,379,369.5,375.5
05-08-06,356,365,356,363.5
05-05-06,367,367,356,361.25
05-04-06,353.75,354.5,351,352.25
05-03-06,355,355,351,354
05-02-06,356.75,358.75,353,355.25
05-01-06,349,356,349,353.25
04-28-06,340.25,347,339.5,346.25
04-27-06,348,348.5,340,342.5
04-26-06,350,354,347.5,348.5
04-25-06,350.5,353,347.5,350
04-24-06,354.25,357.25,349,350.75
04-21-06,351.5,354.5,344.5,352.75
04-20-06,354.5,356.5,350,353
04-19-06,355,357.5,349,354.75
04-18-06,350.25,356.75,349.5,355
04-17-06,354,357,348.75,349.5
04-13-06,361,363.25,357,357.5
04-12-06,367,368.5,360,360.5
04-11-06,360.25,369.5,357.5,367.5
04-10-06,353.25,361.5,352,361
04-07-06,352.75,353.5,347.75,351.25
04-06-06,347.5,356.5,347.25,352.5
04-05-06,342.5,347.5,341,347
04-04-06,342,344.5,340.25,342.75
04-03-06,344.5,349.5,340.5,342
03-31-06,343.75,350.5,343,347.75
03-30-06,341.25,345.75,340.25,344.5
03-29-06,342.25,345.75,340.5,341.75
03-28-06,340.5,343.25,338.5,341.25
03-27-06,342.25,344.25,339,339.75
03-24-06,344,345,340,342.5
03-23-06,350,350,343.5,344
03-22-06,352.5,355.25,348.5,349.25
03-21-06,351.5,354.5,349,352.5
03-20-06,355.25,355.25,347.5,350.25
03-17-06,353,359,351,357.5
03-16-06,362.5,363,351,352.75
03-15-06,363.25,366.5,358.5,362
03-14-06,353.5,356.5,348.5,352
03-13-06,370,370,359,360
03-10-06,372,380,369.25,374.5
03-09-06,375,377,370,370.75
03-08-06,371,377,370,376
03-07-06,370,375,369.5,370.5
03-06-06,370,370,364.5,370
03-03-06,371,373.5,366.25,373.5
03-02-06,361.25,369,359,369
03-01-06,367.5,367.5,359.5,362.75
02-28-06,374,378,370,370.25
02-27-06,369.75,374,363.5,373.25
02-24-06,366.25,370,363.5,368.25
02-23-06,365.25,370.5,362.5,366.25
02-22-06,372.25,372.5,362,365.5
02-21-06,367.25,377,367,372.5
02-17-06,358.5,369,357,368
02-16-06,352,360,351.5,359
02-15-06,348,353,344,352
02-14-06,348.25,349,342.75,347.25
02-13-06,356,359,347.5,348
02-10-06,363.75,364.75,351.5,355.25
02-09-06,357.5,365,356,363.25
02-08-06,350.25,359.25,348,356.75
02-07-06,357.25,358.75,351.5,351.75
02-06-06,357,360,353,355
02-03-06,347.5,361.5,347.5,356.5
02-02-06,338.25,348,338.25,347.25
02-01-06,343,343.5,337.5,339.25
01-31-06,345.5,347.75,338.5,343.25
01-30-06,345.25,349,343.5,345.25
01-27-06,344.25,350,341.5,343.5
01-26-06,341.25,345.5,340,344.5
01-25-06,332,345,331.5,342
01-24-06,326,333.5,324.75,332.5
01-23-06,327,331,324.5,326
01-20-06,326.25,328.5,324,326.5
01-19-06,322.75,328,321.5,326.5
01-18-06,328.5,328.75,321.5,322.5
01-17-06,333.75,336.5,326,328.75
01-13-06,332,335,331.5,334.75
01-12-06,330.25,335,325.75,333.25
01-11-06,329.5,331,326,330.5
01-10-06,327,329.5,324.75,329.25
01-09-06,328.5,329.25,323.75,326.5
01-06-06,338.5,341.5,330.25,330.75
01-05-06,346,346.75,338.75,339.75
01-04-06,345,346.75,340.5,346.25
01-03-06,340,346.5,340,346
12-30-05,336,340,334.5,339.25
12-29-05,345,347,337,337.25
12-28-05,340.25,346.5,339.25,345.5
12-27-05,334,340.5,332,340
12-23-05,330.75,336,330.5,334.5
12-22-05,328,331.25,327.5,330.75
12-21-05,327.25,328.5,324.75,327.5
12-20-05,323.25,329,323.25,328
12-19-05,320.5,323.5,318.5,323.25
12-16-05,319,323,317.5,319.75
12-15-05,323.75,326.75,318,318.75
12-14-05,306,309.5,306,309.5
12-13-05,300,304,298,304
12-12-05,297,299.5,296.5,299.5
12-09-05,295,296,292.5,293
12-08-05,299.5,299.5,294.5,295.5
12-07-05,299.75,299.75,295,297.25
12-06-05,304.5,305,299,299.75
12-05-05,304,308.5,303,304.5
12-02-05,305,306.5,303,303.5
12-01-05,303.75,306.75,301,305.5
11-30-05,300.5,305,295.5,304
11-29-05,299,302,298.5,300.5
11-28-05,297.25,298,294.5,297.5
11-25-05,297.5,298.5,295.5,297
11-23-05,297.75,299.5,296.5,297
11-22-05,298.25,302,295.25,297
11-21-05,301.5,303.5,298,298.5
11-18-05,304.75,306,301.25,302
11-17-05,307.25,308,303.75,304.75
11-16-05,308,309,304.5,306.75
11-15-05,312,316,306,307
11-14-05,312,315,310.25,311.75
11-11-05,310.25,314,310,311.5
11-10-05,315.25,317.5,309.5,309.75
11-09-05,313.25,317.5,312,315
11-08-05,310.5,315.75,310,313
11-07-05,311.25,313.5,308.75,310
11-04-05,314,315.5,310.5,311.25
11-03-05,313.5,314,310,313.25
11-02-05,317,317.5,312,313
11-01-05,317.5,320.5,314.5,317
10-31-05,317.5,319.5,316,317
10-28-05,324.75,326.5,315.5,317.75
10-27-05,323.5,326.5,322,324.5
10-26-05,325.5,329,322.75,323.5
10-25-05,323,326.5,322.25,325.5
10-24-05,329.25,329.5,322.5,323.25
10-21-05,332.5,332.75,328,330
10-20-05,328.75,333.25,326,332.25
10-19-05,327.5,330,326.25,327.75
10-18-05,336.5,338,328.5,328.75
10-17-05,339,339.25,334.5,336.25
10-14-05,343.25,344.25,335.75,339
10-13-05,347,347.25,342,343.5
10-12-05,342.75,350,341.5,347.5
10-11-05,339.75,344.5,339,342.75
10-10-05,338,341.25,337.5,339.75
10-07-05,345,345.25,336.75,338
10-06-05,345.75,346.5,340.5,345.25
10-05-05,347.5,347.75,342.75,345
10-04-05,348,348.5,342.5,347.25
10-03-05,346.25,352,345.5,348.75
09-30-05,333.75,353,332,346.25
09-29-05,329.25,335.5,329,333.5
09-28-05,325.25,331.75,324.5,328.75
09-27-05,329,330.75,325.75,327
09-26-05,333,334,327.5,329.25
09-23-05,332.5,335.5,330.75,333.5
09-22-05,325.75,334.5,323.75,332.25
09-21-05,321.25,325.5,320,325.25
09-20-05,320.5,323,318.25,321.25
09-19-05,324.25,326.25,320,320.25
09-16-05,322.5,329,321.25,324.25
09-15-05,327.25,327.5,320.5,322.75
09-14-05,318.5,318.5,311,311.5
09-13-05,311.5,316.5,310,316.5
09-12-05,306,314.5,306,313
09-09-05,310,313.25,310,313
09-08-05,303.5,309,303.5,309
09-07-05,306,306.25,303,303.5
09-06-05,305.25,309,305,305.5
09-02-05,308,308,303,305
09-01-05,303,307.5,301.75,306.75
08-31-05,307.75,308,300.75,301.5
08-30-05,310.5,312.5,307,307.25
08-29-05,313.25,315.25,309.75,310.5
08-26-05,315.75,316.5,311,312.25
08-25-05,314.25,316.25,310.25,315.75
08-24-05,316.5,318,311.25,314
08-23-05,322.75,324.5,316.25,317.25
08-22-05,324,326.5,320,323
08-19-05,321,328,318.75,325.25
08-18-05,314.25,321,314.25,320.75
08-17-05,310.5,314.5,310,314.25
08-16-05,315.25,321.5,310,310.25
08-15-05,320,320.5,315,315.75
08-12-05,327.5,332,319.25,321.25
08-11-05,323.5,328.25,322,326.25
08-10-05,319.5,324.5,317.5,323.5
08-09-05,322,322.5,318.5,319.5
08-08-05,321.75,325.5,321.5,322.25
08-05-05,325,326.5,317,320
08-04-05,326,328.75,323.75,325
08-03-05,332.5,333.5,325.5,326
08-02-05,331,335.5,331,332
08-01-05,328,334.5,326,330.5
07-29-05,332.5,334.5,327.5,327.75
07-28-05,331,336.5,331,333
07-27-05,326.25,331,325.25,330.5
07-26-05,326.5,333.5,325.25,328.5
07-25-05,331,331,323.5,325.75
07-22-05,327.5,332.75,326,330.5
07-21-05,334.25,334.75,325.25,327
07-20-05,338,338.75,331,333.25
07-19-05,351.25,352,335,338.5
07-18-05,351.5,354,342.25,352.25
07-15-05,343,349.5,342.5,348.5
07-14-05,332,341.5,331.75,338
07-13-05,326,333.5,326,332
07-12-05,327,328,320,323.75
07-11-05,323.5,329.5,323.5,327
07-08-05,333,333,328,328.5
07-07-05,332,335.5,329.5,334.75
07-06-05,336,337.25,332,332
07-05-05,324.75,341,324.75,337
07-01-05,324,325.5,320.75,324.25
06-30-05,327,328.5,319,321.5
06-29-05,328,334,326,328.5
06-28-05,330,331.5,325.5,327.75
06-27-05,339.5,340,325.5,331
06-24-05,331,340,331,339.5
06-23-05,335.25,338.75,331,331.75
06-22-05,335,342,334.75,336
06-21-05,338.5,345.5,332.25,335
06-20-05,331,339.5,327.75,339
06-17-05,323.75,329.5,323.5,327.5
06-16-05,323,328.5,322,323.5
06-15-05,316,324.75,315.25,323
06-14-05,314,317.25,309.5,316
06-13-05,314,320.5,313,313.75
06-10-05,314.5,318.75,313,313.5
06-09-05,312.75,317,312.5,314.25
06-08-05,318.5,319,313,313.25
06-07-05,320.5,323.25,318.5,319.25
06-06-05,325.5,329,322,322.5
06-03-05,322.25,325.75,321,323.25
06-02-05,330,330.5,322,323.5
06-01-05,330.5,335,329,331.5
05-31-05,341,342.75,328.5,331.75
05-27-05,338.5,342,333.25,335
05-26-05,329.5,339.5,326,337.75
05-25-05,331,339.75,325.5,330.25
05-24-05,332,334,329.25,332
05-23-05,314,339,314,333.75
05-20-05,309.5,314.5,308.75,313
05-19-05,315,317.5,308.25,309.5
05-18-05,310,318,309.25,315
05-17-05,307.5,312,306,310
05-16-05,303.75,307.5,303.5,306.25
05-13-05,299,299,296.5,296.5
05-12-05,322,322,300,301.5
05-11-05,312,312,306,306
05-10-05,307.5,313,307.5,312.5
05-09-05,309.75,310.5,305,305.5
05-06-05,303,309.5,303,309.5
05-05-05,309,309,305,305
05-04-05,308.25,311.5,306.5,308.25
05-03-05,315.5,315.5,307,308.25
05-02-05,315,315,310.5,314.5
04-29-05,318,327,315,318
04-28-05,319.5,322.5,315,317.25
04-27-05,323.25,325.5,316.75,319.5
04-26-05,319.75,325.5,319,322.75
04-25-05,314,330,312,320.75
04-22-05,310.5,312.5,309,309.25
04-21-05,312,312.5,308.75,311
04-20-05,308,314,307.75,310.75
04-19-05,302.25,308.25,301.5,308
04-18-05,304.25,306,301.5,301.75
04-15-05,309,310,303,305.25
04-14-05,311,311.25,307.5,309
04-13-05,311.25,313.5,309,310.5
04-12-05,313.5,316.5,309.5,311
04-11-05,310.5,314,308.75,313.5
04-08-05,315.25,315.25,307.5,310
04-07-05,314.25,316.5,313,314.25
04-06-05,311.75,316.75,310.25,314.25
04-05-05,316.5,317.5,309,311.25
04-04-05,322.5,323.5,315,316.5
04-01-05,331.5,332.5,319.5,322.5
03-31-05,334,341.5,330,331
03-30-05,335.5,337.75,332,333.5
03-29-05,336.25,341,334,334.5
03-28-05,337.75,339,332,336
03-24-05,336.5,340.5,333.25,338.5
03-23-05,342.75,344,335,336.75
03-22-05,343,348,342,344.5
03-21-05,355.25,356.5,340.25,342.5
03-18-05,365.25,366.5,356,356.5
03-17-05,359.5,368.5,355.5,366.5
03-16-05,366,370,360.5,361
03-15-05,354.25,369,354,368
03-14-05,349.5,349.5,344.5,348
03-11-05,344,353.5,344,351.5
03-10-05,332,340,329.5,340
03-09-05,330,334,328.75,333.5
03-08-05,323,331.5,323,329
03-07-05,330,330,323,323.25
03-04-05,329.75,329.75,325.75,329
03-03-05,331,331,326.5,330
03-02-05,331.5,337,331,332
03-01-05,333,335,329,330
02-28-05,323.75,337.5,323.75,337.25
02-25-05,310.75,324,310.75,323.25
02-24-05,316,317.5,312,312.75
02-23-05,310.5,318,309.25,316
02-22-05,297,320,297,312.5
02-18-05,295,297,293.5,296
02-17-05,292.5,297,292,295.5
02-16-05,298.75,298.75,292,292.5
02-15-05,302,302.75,298,299.25
02-14-05,295,302.25,294.5,301.75
02-11-05,295.5,297.75,294.25,294.5
02-10-05,290,297,289,296.25
02-09-05,292,293.75,289.5,290
02-08-05,294,295,289.5,291.75
02-07-05,288.5,293,288.25,292.5
02-04-05,290,291.5,287,287.75
02-03-05,288.25,291,288,289.75
02-02-05,292.75,293,287.75,288.25
02-01-05,291.25,294,290.5,292.25
01-31-05,289.75,292,287.5,291
01-28-05,289.75,291.25,288.25,290
01-27-05,295,295.5,288.5,289.5
01-26-05,297.5,299.75,295,295.25
01-25-05,295.25,298.75,294.5,297
01-24-05,296.5,299,293.75,295.25
01-21-05,295,297.75,294.25,295.75
01-20-05,298.25,299.5,293.5,294.75
01-19-05,297,302,296,299
01-18-05,297.75,299.75,295,296.5
01-14-05,307.25,307.5,297.25,297.5
01-13-05,307.5,307.75,303.5,307.5
01-12-05,306.25,308.5,302,307.25
01-11-05,306.5,310.5,304.5,306.5
01-10-05,309.25,309.5,303.25,307.75
01-07-05,309.25,312,306.5,309.75
01-06-05,299.25,308.5,299.25,308.25
01-05-05,295.75,301,295.25,299.75
01-04-05,301.75,302,292.25,296
01-03-05,307.5,307.5,301.5,302.25
12-30-04,303.75,308,302.5,307.5
12-29-04,304.25,306,300.5,303.5
12-28-04,305,306,298,305
12-27-04,310,311.75,301,305
12-23-04,308,310,305.5,309.5
12-22-04,305.75,308,304.75,307
12-21-04,305.25,307.5,302.5,305.5
12-20-04,305.5,309.5,305,306
12-17-04,297.75,305,297,304.25
12-16-04,304,304.75,297,297.5
12-15-04,301.25,304,299.5,302.5
12-14-04,284,287.25,284,285
12-13-04,288,289.25,286,286.75
12-10-04,290,290.5,283.5,284
12-09-04,288,291,287.5,290
12-08-04,284,288.5,283.5,287.25
12-07-04,292.5,292.5,285.75,287
12-06-04,294,296,292.5,293
12-03-04,283.5,291,283.5,291
12-02-04,287,288,282.5,283.5
12-01-04,289.5,293,285,286
11-30-04,288,292,287.5,289.75
11-29-04,292.5,292.75,286,287
11-26-04,300,301.75,291,291.25
11-24-04,302.25,302.25,298.5,299.25
11-23-04,302.5,303.5,300,300.5
11-22-04,310.5,313.5,301,302
11-19-04,315.5,315.5,308.5,309.75
11-18-04,318.25,320.5,315.5,316.25
11-17-04,310.75,319,310.75,318.5
11-16-04,306.5,311,305.5,310.75
11-15-04,303,308.75,300.5,306.25
11-12-04,303,304.25,296,302.75
11-11-04,303.25,305,301,302.75
11-10-04,304.75,310,303,303.5
11-09-04,308.75,310.75,304,304.5
11-08-04,306.5,309.25,303.5,308.75
11-05-04,303,309,300.5,306.5
11-04-04,301.5,305,297.25,303
11-03-04,302.25,304.5,298.5,300.25
11-02-04,307.5,309.75,302,302.25
11-01-04,316.5,316.5,304.5,306.25
10-29-04,321.75,326,314,316.5
10-28-04,320.5,324,318,322.25
10-27-04,316,321.75,314.5,319.25
10-26-04,315.25,317,311.5,315.5
10-25-04,309.25,319.5,308.75,316
10-22-04,311.75,312,308,308.5
10-21-04,312.75,314.5,309,311.75
10-20-04,319.25,321.25,312.75,313.5
10-19-04,314.25,320.75,312.75,319.25
10-18-04,318.75,321,312.75,314.75
10-15-04,314,319.5,313.5,319.25
10-14-04,312,315.5,310.75,314
10-13-04,311.25,313,308,312
10-12-04,302.5,312,297,311
10-11-04,301,305,301,303
10-08-04,302.75,307.75,301,303.25
10-07-04,303,306.5,301,302.75
10-06-04,306,307.5,301,302
10-05-04,303,307.25,299,306.25
10-04-04,303.5,305.5,300,302.5
10-01-04,307.5,308.5,300.5,303.75
09-30-04,319.25,321,305.75,306.75
09-29-04,316.5,321.5,316,319.75
09-28-04,320,323.5,315.5,315.75
09-27-04,321.75,325,315.5,320.5
09-24-04,325.75,327.75,321,321.75
09-23-04,325.75,329,321.5,325.25
09-22-04,335.5,336.5,325,325.75
09-21-04,328.75,336.75,327.25,334.75
09-20-04,333.25,333.25,325,328.75
09-17-04,337.75,341.5,331,333.25
09-16-04,337.25,341.25,332,338.25
09-15-04,330.5,341,330,337.25
09-14-04,328,328,325.5,327.25
09-13-04,323,331.5,320,328.5
09-10-04,311.5,323,307,323
09-09-04,310,313.5,310,311.5
09-08-04,306.75,309.25,306,309.25
09-07-04,304.5,306.75,302.5,305.75
09-03-04,308,310,306.75,308
09-02-04,319,319,308.5,311.25
09-01-04,310.25,319,308.75,317.5
08-31-04,302,310.25,302,309.75
08-30-04,301.5,309,301,303.25
08-27-04,306.5,306.5,299.5,301.5
08-26-04,306,308.5,304.25,305.75
08-25-04,312.25,316,304.5,306
08-24-04,320,320.5,311,311.5
08-23-04,312.5,321.5,310,321
08-20-04,309.25,313,307.5,312
08-19-04,301.25,311,301.25,309.5
08-18-04,308,308.75,301.25,301.75
08-17-04,303.25,310,303.25,308.75
08-16-04,299.5,306,295.5,302.75
08-13-04,300.25,301,298,299.5
08-12-04,304.5,304.75,298,299.5
08-11-04,312.75,314,304,304.75
08-10-04,316.5,317.25,311.5,312
08-09-04,317.75,319.75,314.5,316
08-06-04,321.5,324,315,315.75
08-05-04,319,323,318,321.5
08-04-04,317.5,321.25,314,318.5
08-03-04,317,318.5,313.5,317
08-02-04,310.75,318.5,309,317
07-30-04,312.75,315.5,310,312.25
07-29-04,314.75,319.5,311.5,312.75
07-28-04,321,322,314,314.75
07-27-04,324,324.5,319.5,321.25
07-26-04,328.75,329.25,320.75,323.75
07-23-04,323.25,330.5,323,328.75
07-22-04,324.25,326.5,322,322.75
07-21-04,332,332,323.5,324
07-20-04,335.5,336.75,329.5,331.25
07-19-04,334.25,337.5,330,335.5
07-16-04,332,337,331,333.25
07-15-04,345.5,346.25,331,333.25
07-14-04,332,339.5,332,337
07-13-04,338,338,332,333
07-12-04,334,339,333.5,339
07-09-04,334,336,330,330
07-08-04,339.75,342.25,332.5,334
07-07-04,338.5,348,338.5,341
07-06-04,333,340,331,338.5
07-02-04,331,335,328,335
07-01-04,335.25,338,330,330.5
06-30-04,337.5,340,328,338
06-29-04,338.75,342,335,337.5
06-28-04,343,343,336.5,338.5
06-25-04,339.75,344,337.5,341.25
06-24-04,346,347,338,339.5
06-23-04,344,347.25,341,345.25
06-22-04,351.25,353.5,343,343.75
06-21-04,352,357.5,350,354.25
06-18-04,352.25,354,351,352.75
06-17-04,352.5,356,350,352.5
06-16-04,351,357.5,351,352
06-15-04,356.75,358.25,348,351
06-14-04,351,360,349.25,356.5
06-11-04,350.5,352.5,349.5,350.5
06-10-04,361,361.5,350,350.5
06-09-04,363.75,366,358,360
06-08-04,363,366.5,359,363
06-07-04,368.25,370,360.5,363
06-04-04,367.25,373,367.25,370
06-03-04,374.5,375,366.25,367.25
06-02-04,387.75,387.75,370.5,375
06-01-04,365,391,365,388.25
05-28-04,368,372,361,362
05-27-04,381.75,382.25,366.25,369.25
05-26-04,378.5,382.25,376,381.5
05-25-04,378.75,382.75,374,378
05-24-04,370.75,380,370.5,378.5
05-21-04,370,374,365.25,368.25
05-20-04,377.5,378.25,365,370.25
05-19-04,370.5,379,370.5,377
05-18-04,366.75,374,365,370.5
05-17-04,358.5,368.75,356,367.75
05-14-04,362.5,362.5,354,354
05-13-04,365,366.5,360,362.25
05-12-04,375,375,359.5,362
05-11-04,380,380,370,370
05-10-04,385,385,376,378.5
05-07-04,392,398,392,393.5
05-06-04,398,402.5,394,394.5
05-05-04,407,407,398,399
05-04-04,390,404,390,403.5
05-03-04,380.5,388.5,379.75,387.25
04-30-04,381.5,387,379,381.5
04-29-04,373.25,383,373,380
04-28-04,381,381,370,372.5
04-27-04,374.5,382,374.5,378.25
04-26-04,371,375.5,366,374
04-23-04,379,379.75,369.25,373
04-22-04,386,386.5,376.5,379
04-21-04,397.75,399,382,385
04-20-04,394.5,399,389,397
04-19-04,389.75,399.5,387.5,394
04-16-04,384,390,383,388.5
04-15-04,402,404,381,383
04-14-04,393,403.25,390,401.25
04-13-04,406.5,407.5,392,393
04-12-04,413.5,418,404.5,407.5
04-08-04,416.25,418.5,408,414.5
04-07-04,415,419.5,412,415
04-06-04,412,419,406.5,416.5
04-05-04,415,424,409,414
04-02-04,411,418.5,406.5,416.25
04-01-04,408.25,419,405.5,410.5
03-31-04,414.5,418,395,408
03-30-04,406.75,416.75,405,415.25
03-29-04,406,407.75,398,405.75
03-26-04,407,407,400.5,405.25
03-25-04,412,413.75,404.25,408
03-24-04,413.5,420,408.75,412
03-23-04,421.5,422.75,412.5,413
03-22-04,394.5,422.75,394.5,422.75
03-19-04,397,401,391.5,392.75
03-18-04,389.25,401.75,389.25,398
03-17-04,373,392,373,391.5
03-16-04,373.5,377,371.5,372
03-15-04,365,374.5,364.5,373
03-12-04,354,359,354,357
03-11-04,359,361,355,355
03-10-04,365,365,355,359
03-09-04,362.5,366,361,363
03-08-04,363,364,360,360.25
03-05-04,369.5,370,366,366.5
03-04-04,367.5,372.5,365,370.75
03-03-04,372.5,374,369,369.5
03-02-04,372.5,377,371,374
03-01-04,385,385,373.5,375
02-27-04,386,388.25,379,380.75
02-26-04,386.5,389,382,387.5
02-25-04,390.5,393.75,383,387.25
02-24-04,390.5,394.5,387.5,392.5
02-23-04,373.25,395,371.5,391
02-20-04,372.75,376.75,365,371.5
02-19-04,365,375,363.75,372.75
02-18-04,376.5,377,364,364.5
02-17-04,381.5,383,371,375.25
02-13-04,386.75,388.5,376,380.25
02-12-04,389.75,391.5,384.5,386.75
02-11-04,385.25,393.5,384,388.5
02-10-04,383,387.5,380.5,384.5
02-09-04,378,384,374.5,382.25
02-06-04,382.5,386,376,378.5
02-05-04,375,384,373.75,381
02-04-04,380.5,382,375,376
02-03-04,385.25,390.5,379.5,380.5
02-02-04,388,388,381.75,385
01-30-04,382.25,389.5,382.25,389
01-29-04,374.25,384.5,373.5,380.25
01-28-04,380,384,373,374.75
01-27-04,381.5,384.25,377.5,380
01-26-04,379.5,387.5,378,381.25
01-23-04,385.5,393.75,380,381.5
01-22-04,392,394.25,385,387
01-21-04,395.5,397,386.5,392
01-20-04,398,404,394,395.5
01-16-04,385,402,382.5,398
01-15-04,396,398,382.5,386.25
01-14-04,393,398.75,386.5,395.25
01-13-04,397.25,406,390.5,392
01-12-04,385,403.5,384,399.25
01-09-04,394,397.25,385,385.5
01-08-04,396.25,398,390,394
01-07-04,394.5,398.75,387,395.5
01-06-04,396,404.75,392,394.5
01-05-04,402,408,397,398.5
01-02-04,377.5,407,377,405.75
12-31-03,367.5,377.75,366.5,377
12-30-03,362,366.75,360,365.25
12-29-03,363.5,370.5,363,364
12-26-03,362.5,369.5,362,366
12-24-03,359,369,358,363
12-23-03,382,382,369,370.5
12-22-03,392,393,385,385.5
12-19-03,396,398,387,394.25
12-18-03,387.5,395.5,384.5,393.25
12-17-03,388,390.5,382.5,386
12-16-03,383.5,390,381.5,389.5
12-15-03,392,393,382,386.5
12-12-03,372,381,372,380.5
12-11-03,381,382,374.5,378
12-10-03,392.5,392.5,383,386.5
12-09-03,402,402,390.5,395
12-08-03,393,396.5,388,396.5
12-05-03,393.5,394,387,391
12-04-03,404,409,398,399.5
12-03-03,398,402.5,397,402
12-02-03,392.5,396,386,395.75
12-01-03,397,398,394,395.75
11-28-03,387,395,386.5,394.25
11-26-03,389,390,383,386.5
11-25-03,377,389,375,388.25
11-24-03,386,388.5,376,379.5
11-21-03,373.75,384,373.75,383.25
11-20-03,364,375.25,363.5,373.5
11-19-03,388.25,389,361,363.5
11-18-03,398.75,399.75,386,388.25
11-17-03,405.5,406.75,397,399.75
11-14-03,406.5,408,401,405.5
11-13-03,405,408,400.5,405.75
11-12-03,389,406,386,403.5
11-11-03,385,391,378.5,389
11-10-03,378,387.75,375,383
11-07-03,375.25,384,373,378
11-06-03,380,383.25,374,375.5
11-05-03,364.75,382.5,361,378
11-04-03,367,369.5,362,363.5
11-03-03,370.5,374,362,365
10-31-03,368.75,372.5,365,369.5
10-30-03,375.5,376.5,367,369
10-29-03,379,384,370,375.75
10-28-03,366.5,383,364.5,377.25
10-27-03,369.5,382,364.5,367.25
10-24-03,369,374,367,369.25
10-23-03,354.5,375,354.5,369.5
10-22-03,341,360,341,354.5
10-21-03,333.75,342,332.75,340.5
10-20-03,328.25,335.5,327,333.75
10-17-03,337.25,338.75,328,328.25
10-16-03,335,337.25,331.25,336.25
10-15-03,326,335.5,321,334.5
10-14-03,334,336.5,324,325.5
10-13-03,328,335.5,325.5,334
10-10-03,327.5,333.75,326.25,326.75
10-09-03,328,329.5,325,327.25
10-08-03,333,334,325.5,327.75
10-07-03,342.5,342.5,329,332.5
10-06-03,349,349.5,340.5,341
10-03-03,359.25,360.75,351.5,352.25
10-02-03,364.25,367.25,355.75,359
10-01-03,360.25,365.75,358.5,364.25
09-30-03,355,363,353.5,360.25
09-29-03,358.75,360,353.5,355.25
09-26-03,360.5,364.5,357,359.5
09-25-03,353,363,352.5,360.5
09-24-03,345.25,354,343,353
09-23-03,345.75,348.75,341,344.75
09-22-03,346.5,351,342.5,345.5
09-19-03,341,348,338.25,347.25
09-18-03,348,348.5,338.5,340.75
09-17-03,353.25,357.5,346.5,349.5
09-16-03,356.25,358.5,351.5,353.5
09-15-03,353.25,358.5,349,356.25
09-12-03,339.5,344.5,337,338.5
09-11-03,346.5,346.5,339,340
09-10-03,346,348.5,344.5,345
09-09-03,350.5,350.5,344.5,347
09-08-03,345,350.5,344,348.5
09-05-03,352,352,344.5,345
09-04-03,358.5,358.75,354,354
09-03-03,363,363,357.25,358.5
09-02-03,365.25,365.5,360.5,363.25
08-29-03,359.5,368,355.5,367.5
08-28-03,360.75,365.5,358,358.75
08-27-03,361,362,354,360.75
08-26-03,362.25,366.5,359,361
08-25-03,362.5,364,356.5,358.25
08-22-03,363,364.5,359.5,362.75
08-21-03,366.75,372.5,360.5,363
08-20-03,369,377.5,365,366
08-19-03,382,382,368,369.25
08-18-03,381.5,387,381.5,383.5
08-15-03,369.75,379,368.75,378.5
08-14-03,367,372,367,368.25
08-13-03,360.25,367,360,365
08-12-03,359,368.5,359,361.75
08-11-03,357,364.5,355.25,358.5
08-08-03,356.25,358,354,357.5
08-07-03,358.5,361,355,357.25
08-06-03,352,361,349.5,358.5
08-05-03,354.25,357,347,349.75
08-04-03,352,356,349.5,354
08-01-03,348.5,355,347,351
07-31-03,339,351,336.25,348.5
07-30-03,347.25,347.25,336.75,339.25
07-29-03,350,353.5,345,347.25
07-28-03,341.5,350,341.5,349.5
07-25-03,343,348,341,342.5
07-24-03,345.5,355.5,343,343.5
07-23-03,333,347,332.75,346.25
07-22-03,334.5,335.5,329.5,333.25
07-21-03,335,341.5,333,334.5
07-18-03,326,338,325,335.5
07-17-03,320.75,330,320.75,327.5
07-16-03,315.25,322.5,313.5,320.75
07-15-03,318.75,319,315,315.25
07-14-03,316,317.5,313,315.5
07-11-03,308,315,306.5,314.5
07-10-03,310,313,308,309.75
07-09-03,301,311.5,301,310
07-08-03,299,301.5,297,300
07-07-03,301.75,303,298,298.25
07-03-03,306,307.75,301,303.25
07-02-03,304,306.5,303.25,306.5
07-01-03,303.25,306.5,297.25,306.25
06-30-03,296,303.5,295,301.75
06-27-03,299.75,300.25,294.5,295.25
06-26-03,301,304.5,298,298.5
06-25-03,300.5,303.25,299.25,301
06-24-03,306,307,302,302.25
06-23-03,310.5,311.75,303.5,307
06-20-03,314,314,310,311.75
06-19-03,316.5,319.25,314,315.75
06-18-03,317.25,320.5,315,316.5
06-17-03,316,322,313,316.75
06-16-03,318,322.5,314.5,316
06-13-03,336,337.5,317,317.75
06-12-03,330.25,339.5,329.25,337
06-11-03,332.75,336.5,327.75,330.5
06-10-03,327,338,326.5,333.75
06-09-03,320.5,328.25,319.5,327.25
06-06-03,320,322.75,318.25,320.5
06-05-03,314,324.5,311,320.5
06-04-03,319.5,323,312.5,313.5
06-03-03,318.75,323,318.25,319.5
06-02-03,325,328.5,317,318.75
05-30-03,324,329,320.5,324.25
05-29-03,318.5,326,316,324
05-28-03,327,329.5,317.5,319
05-27-03,321,329,317.25,327.5
05-23-03,325.5,325.75,320,322.75
05-22-03,332,333.5,324,325.5
05-21-03,333.25,337,329.25,332.25
05-20-03,327,341,326.5,335
05-19-03,337,341.5,327,328.5
05-16-03,338,345.75,337,338.5
05-15-03,328.5,339.5,327.5,338.75
05-14-03,326,326,322,322
05-13-03,323,329,323,326
05-12-03,326.75,330,326,326
05-09-03,295,317,294,317
05-08-03,297.5,298.5,292,293.5
05-07-03,290,297,288,296
05-06-03,284.5,288,282,287
05-05-03,278.5,282.75,278,282.25
05-02-03,276,278,275,277.5
05-01-03,274,279,273,275.5
04-30-03,279,285,278,279.5
04-29-03,283.5,286,277.5,280
04-28-03,292.5,292.5,285,285.25
04-25-03,291.75,293.5,289,292.5
04-24-03,297.25,298,291.5,292.75
04-23-03,287.5,295,287,294.25
04-22-03,290.75,293,288,288.25
04-21-03,284,291,282.25,290.25
04-17-03,282.5,287,280.25,286
04-16-03,284.5,286,280,281.75
04-15-03,281.5,286.75,280.75,286
04-14-03,283.5,285.5,278.5,280.75
04-11-03,284.5,287.5,282,284.25
04-10-03,288,290,282,285.5
04-09-03,284,288.5,283.75,287
04-08-03,289,290,283,283.5
04-07-03,288,291,286,290.25
04-04-03,283,286,282.5,285
04-03-03,286.5,288,280,281.5
04-02-03,287.5,288.5,283.5,287.5
04-01-03,287.5,288,282.5,283
03-31-03,281.5,288.5,278,286.75
03-28-03,284.5,285.5,277.5,279.25
03-27-03,285.5,287.5,283,283.5
03-26-03,280,286,280,284.25
03-25-03,281,283.5,279.5,281
03-24-03,285.5,287.75,280,281
03-21-03,294,297.5,285.5,286
03-20-03,293.5,299,292,294.75
03-19-03,295,298,293,294.75
03-18-03,290,297,290,296
03-17-03,296,300,292.5,292.75
03-14-03,312,315,310,311
03-13-03,307,311,307,310.5
03-12-03,310,310,302,306.5
03-11-03,309.75,310.75,308,310
03-10-03,314,314,306.25,311.75
03-07-03,318.5,320.5,312,313
03-06-03,321,324.5,319.75,321
03-05-03,339.5,339.5,317.5,321.5
03-04-03,319.5,326.5,316.5,326.5
03-03-03,313.75,319.5,313.75,318.25
02-28-03,308.5,316,307.5,312.5
02-27-03,319.75,319.75,307.5,309
02-26-03,320.5,322.5,318.25,319.75
02-25-03,322,325.5,320,320.5
02-24-03,327,327.5,318.5,321.5
02-21-03,332,334,327.5,328.5
02-20-03,326,334,324,332
02-19-03,335,337,325.25,327.75
02-18-03,334.75,338,332.75,335.5
02-14-03,326.5,335,325.5,334.25
02-13-03,325.75,328.5,323.5,326.5
02-12-03,329,332.25,325,325.5
02-11-03,333.5,335.75,327,330
02-10-03,332.25,337.75,330.25,334.75
02-07-03,328,334.5,327.75,331
02-06-03,324,327.5,322.5,327
02-05-03,323.5,328.5,320,324
02-04-03,324,325.5,321.5,324
02-03-03,320.5,324.5,319,323.5
01-31-03,315,326.5,315,320.5
01-30-03,314,315.5,309,315
01-29-03,317.5,318.5,310.25,313
01-28-03,310.5,319,310,317
01-27-03,319,322.75,309,310.5
01-24-03,311.75,319,310,318.5
01-23-03,314,316,309.25,311.75
01-22-03,319,324.25,314,314.5
01-21-03,317.25,320.5,315.5,319.25
01-17-03,310.75,317.5,307.5,316.5
01-16-03,312,315.5,310.25,311
01-15-03,314.75,315,309,312.75
01-14-03,311.25,315.5,308,314.25
01-13-03,320,321,308.5,311.25
01-10-03,329.75,330.5,318,319.25
01-09-03,336.5,338.75,327.25,329
01-08-03,331,339,331,337
01-07-03,331.25,333,326,327.75
01-06-03,329.75,334.5,328.75,331.5
01-03-03,329,332.5,326,330.5
01-02-03,325.75,331.5,320,328.75
12-31-02,329,332,321,325
12-30-02,334,334.75,325,329
12-27-02,338,340.5,332,333
12-26-02,345,345,336.5,338.25
12-24-02,345.75,345.75,345.75,345.75
12-23-02,342.75,347,340,345.75
12-20-02,350.25,350.25,340.5,342.75
12-19-02,355.75,358,350,350.25
12-18-02,361,364,351.5,356
12-17-02,355,362,354,361.5
12-16-02,352.25,360,350,355
12-13-02,343.5,350.5,343.5,344.5
12-12-02,347,347,339,345.5
12-11-02,340,348.5,338,347.5
12-10-02,347.5,347.5,339,339.5
12-09-02,343,348.25,343,348
12-06-02,348,352,342.5,349.25
12-05-02,354,358.5,343,347
12-04-02,357.5,358.5,353,356.75
12-03-02,372.75,373,356,356.5
12-02-02,376,381,369,372
11-29-02,379,379,371.5,373
11-27-02,375,381.5,374,380.5
11-26-02,381.5,382,372,374.5
11-25-02,372.5,383,372,382.25
11-22-02,372.5,377.5,371,373.75
11-21-02,373.75,378.5,367.75,374.25
11-20-02,387,387,370.5,374.5
11-19-02,381.25,386,373,385
11-18-02,389.75,390.75,377,382.25
11-15-02,391.5,393.5,384.5,389.75
11-14-02,380,392,380,391.25
11-13-02,376,384,369,381
11-12-02,387.5,398.5,374,374.5
11-11-02,382.5,388,377,383.5
11-08-02,396.5,398,382,382.5
11-07-02,395,400,388,397
11-06-02,400.5,400.75,394,394.5
11-05-02,409,410.25,400,400.75
11-04-02,414.5,416,407,408.25
11-01-02,403,417,403,413.5
10-31-02,407,409.75,401.5,402.25
10-30-02,417.5,418.75,405,406.75
10-29-02,416.5,419,397,415.75
10-28-02,409.5,418,409.5,415.5
10-25-02,411.5,413,404,410.5
10-24-02,398,412.5,395,411.75
10-23-02,403.75,406,396,396.5
10-22-02,406.5,409,402.5,403.75
10-21-02,413.5,416.75,406.5,408.75
10-18-02,406.25,414,403.5,413
10-17-02,409.25,414,401,406
10-16-02,399.75,410,397,408.25
10-15-02,364,393.25,363,393.25
10-14-02,367,371.5,360,363.25
10-11-02,366,373,360.5,365.5
10-10-02,371.25,374,365.25,365.75
10-09-02,382.75,383,371.25,372.25
10-08-02,382.5,385.5,381,381.75
10-07-02,378,385,376,381.75
10-04-02,375,381,370.5,376.25
10-03-02,384.5,385.5,372.5,374.75
10-02-02,397,401.5,382.5,383.5
10-01-02,397.25,401.5,390,396.5
09-30-02,405,413,395,396.5
09-27-02,403.5,405.5,396,402.5
09-26-02,391.25,404,391,402.25
09-25-02,407,408,388,391
09-24-02,390,404,383.5,403.5
09-23-02,401,402.75,388.5,389.5
09-20-02,395,405.5,391,400
09-19-02,413,418,395,395.5
09-18-02,405,419,405,413
09-17-02,401.5,406,397.5,405.25
09-16-02,391,404,387.25,400.75
09-13-02,402.25,404,395,395
09-12-02,416,425,409,409
09-11-02,414,416.5,409,416
09-10-02,418,418,404,414
09-09-02,409,434,409,415
09-06-02,394,403.5,394,403.5
09-05-02,377,387.5,376.5,386.5
09-04-02,368,379.5,367,379
09-03-02,368,370,366,367
08-30-02,355.25,363.5,353.5,362.25
08-29-02,355,359.5,354.75,355.25
08-28-02,352,358,352,355.25
08-27-02,353,357.5,349.5,352.5
08-26-02,349,355,349,353.5
08-23-02,340,348.5,338,347.75
08-22-02,338.25,341,333,340.25
08-21-02,339,342.5,334,338.25
08-20-02,349,349.5,338.5,338.75
08-19-02,347,352.5,343,349.25
08-16-02,350,352,344,347.75
08-15-02,356.5,360,350,350.5
08-14-02,356,361,355.5,357
08-13-02,350,360,350,356.75
08-12-02,349.75,363,346.75,351.75
08-09-02,340,346,334,344.5
08-08-02,345.75,350,337.5,338.5
08-07-02,341.75,347,340.5,346.25
08-06-02,339.5,344.5,338.5,341.75
08-05-02,334.5,339.5,331,338
08-02-02,334.75,338.75,334.5,337
08-01-02,335,347.25,333.5,334.75
07-31-02,328,335.5,328,334
07-30-02,328.25,328.25,321.75,326
07-29-02,332,332.75,324.75,326.5
07-26-02,334.5,336.75,333,335
07-25-02,336,337.25,330,335
07-24-02,332.5,338,332.5,336
07-23-02,340,342,332,332.75
07-22-02,333.5,343,333.5,339.75
07-19-02,332,332.5,326,330.75
07-18-02,334.25,337,331.25,333.25
07-17-02,334,336,331,335
07-16-02,327,335,325.75,334
07-15-02,318.5,328,318.5,323.75
07-12-02,321.5,321.5,314,315.25
07-11-02,325,328,319,326
07-10-02,313,319.5,313,319.5
07-09-02,316.5,322,313,313
07-08-02,316,317.25,313.5,314.5
07-05-02,315,321,314.25,318.5
07-03-02,311,316.5,311,316
07-02-02,316.25,320,313.5,316
07-01-02,304,316,304,315.5
06-28-02,304,308,300,307
06-27-02,293.5,308,291.5,306.5
06-26-02,290.5,294,288,293
06-25-02,290.75,293,287.5,291
06-24-02,287.75,296,287.75,291.75
06-21-02,291,292.5,286.5,287.25
06-20-02,291.5,294,290.5,291.25
06-19-02,289,293,289,291.5
06-18-02,289.5,291.5,287.5,289.25
06-17-02,293.5,294.5,288.5,289.25
06-14-02,295.5,298,290.5,294.25
06-13-02,283.75,296,283.25,295.5
06-12-02,279,287,279,283.5
06-11-02,278.25,281,276.5,279.5
06-10-02,274,279,272.5,278.25
06-07-02,279.5,281,274,275
06-06-02,283,285,279.5,280.5
06-05-02,282,284.5,280.25,283.25
06-04-02,286.75,290,281.5,282
06-03-02,282,288,279.5,286.75
05-31-02,277.5,283,276.5,282.25
05-30-02,276.25,277.5,272,276.5
05-29-02,272.25,277,270.5,276.25
05-28-02,268.5,273.5,268,272
05-24-02,272.5,272.5,268,269.25
05-23-02,269,272.5,267.5,271.5
05-22-02,272.75,273.75,268.5,269
05-21-02,277.25,278,272.25,273
05-20-02,273.25,278.25,271.75,276.75
05-17-02,276.75,277.5,273,273.75
05-16-02,283.5,284,275,276.5
05-15-02,278.75,284,277.5,283.5
05-14-02,273.5,275,272,273
05-13-02,270,273.5,270,273.5
05-10-02,268.5,270,263.5,265
05-09-02,267,267.5,266.5,266.75
05-08-02,268.25,269,264,264
05-07-02,265,268.5,265,267
05-06-02,260,264,260,263
05-03-02,258,261,258,260.25
05-02-02,266.25,266.5,258.25,258.5
05-01-02,262.5,266.5,260.5,266.25
04-30-02,256.5,262.75,256.5,261.75
04-29-02,258,260.25,255.5,256
04-26-02,260.75,262,257,257.75
04-25-02,263.5,265.75,260.75,261
04-24-02,264,266.5,263,263.5
04-23-02,265,267,263.5,264.5
04-22-02,268,268.75,264,264.75
04-19-02,269,269.5,265.5,267
04-18-02,274.5,276.25,267.5,268.25
04-17-02,275,278,272,275.75
04-16-02,272.75,275.75,271.5,275
04-15-02,274,275,271,271.75
04-12-02,272,275,267,272.5
04-11-02,272.5,273.5,269.75,271.25
04-10-02,270.25,274,269.5,272.5
04-09-02,273.5,274.5,270,270.25
04-08-02,277.5,277.5,272.25,273
04-05-02,280.25,280.5,276.5,277.25
04-04-02,284,285.5,280,280.5
04-03-02,283.25,286.25,281.25,283.5
04-02-02,286.5,289,283,283.25
04-01-02,285.5,287,284,285.25
03-28-02,294,297,280,285
03-27-02,287.25,295,286.5,294.25
03-26-02,284,288.25,284,287.25
03-25-02,281,285.5,280.25,283.75
03-22-02,283.25,285.25,281.5,281.75
03-21-02,277.25,284.25,276.5,282
03-20-02,282,283.5,277,277.25
03-19-02,278,282,276,281.5
03-18-02,283.75,284.25,277,277.75
03-15-02,280,286.75,277.5,282.25
03-14-02,271.5,273.5,270,272
03-13-02,267.5,272,266.5,270
03-12-02,267,270.5,266,268
03-11-02,270,270,263.75,267.25
03-08-02,272,273.5,269.5,271
03-07-02,277,279,272.5,272.5
03-06-02,273,275.5,271.5,274.5
03-05-02,270.5,293.75,270.5,274.25
03-04-02,271,273,268.25,270.75
03-01-02,267.25,270.5,267,270
02-28-02,272,273,266.25,267.25
02-27-02,276,276.75,271,271.5
02-26-02,278.25,281,274.5,275.75
02-25-02,280.75,281.25,275.5,278.25
02-22-02,278.5,281,278,280.25
02-21-02,280,281,276.5,278.75
02-20-02,277.75,280.5,276.5,280
02-19-02,276.5,278.5,275.75,277.75
02-15-02,280.75,281,274.5,275.25
02-14-02,282.5,283.5,280.5,280.75
02-13-02,281.25,283.5,279.75,282.25
02-12-02,281,282.5,280,280.75
02-11-02,282,282.5,279,281
02-08-02,282,287,278.5,281.75
02-07-02,280.25,284.5,279,281
02-06-02,284,284.75,280,280.25
02-05-02,280.75,285,278.5,283
02-04-02,288,289.5,280,280.75
02-01-02,286.75,288.25,285,287
01-31-02,284,288.25,283.5,286
01-30-02,290,290.5,283.75,285.25
01-29-02,291.25,293.75,288.5,289.5
01-28-02,298,298.5,291,291.25
01-25-02,299,300,295.25,299
01-24-02,296.5,299.75,294.5,298.5
01-23-02,295,298,293.5,297
01-22-02,299.5,299.5,294,295.25
01-18-02,301,302,297.5,298
01-17-02,304,305.75,297.5,300.75
01-16-02,301,304,298,303.5
01-15-02,306.5,307,301.5,302
01-14-02,308.75,313.25,306,306.75
01-11-02,304,311,300.5,308.25
01-10-02,303.75,307.5,301,303.5
01-09-02,304.75,307,301.5,302.75
01-08-02,305,306,301.5,305
01-07-02,307,309,303,304.75
01-04-02,300,309,299.5,307
01-03-02,292.75,301.5,291,300
01-02-02,290.5,292.5,288.5,292
12-31-01,289.75,291,288,289
12-28-01,291,293.5,288,290.25
12-27-01,285,291.5,285,291
12-26-01,289,289,283,284.5
12-24-01,288.75,288.75,288.75,288.75
12-21-01,287.5,291,286.5,288.75
12-20-01,293.25,294,287,287.5
12-19-01,286,294.5,284.25,293
12-18-01,285.75,289,285,285.75
12-17-01,287,287,283.25,286.25
12-14-01,273,277,273,275
12-13-01,277,277.75,271,274
12-12-01,276.5,277.5,274.5,277
12-11-01,276,278,271.5,277.75
12-10-01,281.25,281.25,273,273.75
12-07-01,271,276,268.5,275.5
12-06-01,277,277.5,272.5,273
12-05-01,275.5,277.5,273.25,277.25
12-04-01,280.25,282,275,275.25
12-03-01,283.75,283.75,277.75,279.75
11-30-01,273,283,273,281.5
11-29-01,274,276.25,272.25,273.25
11-28-01,279.5,279.5,273.5,274.5
11-27-01,277.5,280.5,275,279.5
11-26-01,289,289.75,275,277
11-23-01,287,290.5,286.75,289
11-21-01,286.5,289.75,286.25,287
11-20-01,290.25,290.25,285.5,286.75
11-19-01,288.25,290.75,286.75,289.25
11-16-01,280,290,277.75,289.25
11-15-01,280.75,282,276,280.25
11-14-01,278,281.75,277.25,280.75
11-13-01,283,283,277,278
11-12-01,286,287.5,282.5,283
11-09-01,283.5,287,281,286
11-08-01,287,288.5,283,283.75
11-07-01,286,288.5,285.75,287
11-06-01,284.5,287,283.5,285.5
11-05-01,285.25,285.25,281.5,284.25
11-02-01,288.25,289.5,285,285.5
11-01-01,291.5,292.75,288,288.75
10-31-01,295.5,297,291.5,293.25
10-30-01,291,297,290,295.5
10-29-01,295,295,289.25,291.25
10-26-01,290,295.5,289.25,295
10-25-01,285.25,290,280.5,289
10-24-01,286,287,282.5,283.75
10-23-01,281.5,287,281.5,285.5
10-22-01,287.25,287.5,280.25,282
10-19-01,283,289.5,282.25,287
10-18-01,285,287.75,282.5,283
10-17-01,278.5,285,274,284.75
10-16-01,274,278.5,273.25,277.75
10-15-01,275.5,276.25,271.5,273.5
10-12-01,279.25,279.75,271.5,276.25
10-11-01,279,282,277.5,279.25
10-10-01,275,280.5,273.75,279
10-09-01,272,276,270.5,274.25
10-08-01,273.5,275.75,270,271.75
10-05-01,273,273.5,271,273.25
10-04-01,269.75,274.25,269.5,272.75
10-03-01,264,270,262.5,269.5
10-02-01,266,267.5,261.5,263.5
10-01-01,270.75,271,265.5,266.25
09-28-01,274.25,275,268.25,270.75
09-27-01,276,277,273.5,274.5
09-26-01,270.75,276,268.5,275.5
09-25-01,267,273,266,270.75
09-24-01,267,269,265.75,266.75
09-21-01,265.75,267,260.5,266
09-20-01,263.25,266.5,261.5,265.75
09-19-01,268,268.75,261,262.75
09-18-01,275.25,277,267,267.5
09-17-01,271,275.75,269,274.5
09-14-01,270,270,266.5,267
09-13-01,270,274.75,269.25,274.5
09-12-01,271,271,271,271
09-11-01,271,271,271,271
09-10-01,269,271.5,267,271
09-07-01,269.5,270,268,269.25
09-06-01,272.5,274.5,270,270.5
09-05-01,276.5,276.5,272,274.75
09-04-01,277,277,271.5,276.5
08-31-01,273,279.5,271,278
08-30-01,274.5,275,271,271.5
08-29-01,270,275.5,268,275
08-28-01,273.5,275.25,268,269.5
08-27-01,271.25,273.75,271,273.5
08-24-01,275.25,278.75,273.75,274.25
08-23-01,271,278,268.25,277.25
08-22-01,268,271,267.5,270.25
08-21-01,266,269,266,268
08-20-01,265,266.75,263,266.25
08-17-01,267.25,269,266.25,267.25
08-16-01,266.75,269,262.5,267
08-15-01,268.75,269.5,263,266.5
08-14-01,272,272.5,268.5,268.75
08-13-01,270,272.5,268.5,271.5
08-10-01,271,275.25,269,270.25
08-09-01,268.75,271.5,268.5,271
08-08-01,268,269.5,265,268.5
08-07-01,266.25,269,265.5,267
08-06-01,264.75,266.5,262,265
08-03-01,269.5,271.5,263.5,264.75
08-02-01,274,277,269,269.5
08-01-01,277.5,279.5,274,274.5
07-31-01,275,279,274.25,278.5
07-30-01,279.75,281,275,277
07-27-01,279.5,283.25,279.5,280.25
07-26-01,284,286,276.5,281
07-25-01,281.5,284.75,279,282.5
07-24-01,285,288.5,280.25,282.5
07-23-01,279.25,284,277,283.5
07-20-01,290,291,281.5,283.25
07-19-01,289,293.25,285.5,289
07-18-01,289,292.5,283,288.75
07-17-01,282.25,295,282.25,290
07-16-01,284.5,284.5,275.5,282
07-13-01,280,280,277,277
07-12-01,267,281,265,281
07-11-01,268,268,264,267
07-10-01,261,263.5,260.5,262
07-09-01,257.75,258.5,255,258.25
07-06-01,260,261.75,257.5,258.75
07-05-01,255,257.25,252.5,257
07-03-01,250.25,255.5,250,253.5
07-02-01,256,256,246.25,251.25
06-29-01,243,249.5,243,246.75
06-28-01,247.5,249,242.5,242.75
06-27-01,247.75,250.75,246,247.5
06-26-01,245.25,249.25,245,248.25
06-25-01,251,252,245.25,245.75
06-22-01,255,256,250.5,251
06-21-01,254.5,257.75,254.5,255.25
06-20-01,261,262,255,256
06-19-01,263,264,258.25,261.5
06-18-01,256,263,254.75,262.75
06-15-01,258,258.75,255,255.75
06-14-01,261.75,262,257.5,259.25
06-13-01,262.75,264.5,260.25,262
06-12-01,261.5,264.75,259,263.25
06-11-01,264,266.25,260,261.75
06-08-01,264.25,265,263.25,264
06-07-01,262,267,262,264.25
06-06-01,260,262.75,258.5,261.5
06-05-01,263,265.5,260,260.5
06-04-01,269.5,269.75,263,263.5
06-01-01,266.75,272,266.75,270.75
05-31-01,264.25,267.5,264,267
05-30-01,265.75,268.75,263.5,264
05-29-01,260.5,265.5,259,264.75
05-25-01,261.75,264,259.25,259.75
05-24-01,260.5,264,260.5,261.75
05-23-01,260,262.5,258.5,260
05-22-01,264.5,265,259.25,259.75
05-21-01,270.75,270.75,262.25,263
05-18-01,276,277,269.5,271.75
05-17-01,275.75,276,272.25,275.75
05-16-01,277,278.5,275,275.75
05-15-01,279.25,281.75,275.5,277.5
05-14-01,266,270,266,269.5
05-11-01,261,263,260,262.5
05-10-01,256.5,262.75,256.5,260
05-09-01,258,258.5,257,257
05-08-01,256.25,257.75,255.75,257.75
05-07-01,263.5,264.25,256.5,259.5
05-04-01,261.25,264,261.25,264
05-03-01,267,268,263,263
05-02-01,270,270.5,267.75,268.25
05-01-01,273.5,276,270,271
04-30-01,265.25,273,263.5,272.75
04-27-01,270.25,270.5,264.25,264.75
04-26-01,268.25,272.5,268.25,269.75
04-25-01,264.5,272,264.5,268.75
04-24-01,263.75,265.5,261.5,263.75
04-23-01,267.25,268.25,260.75,264.5
04-20-01,267,271,265.5,267
04-19-01,269,269.5,263,267.5
04-18-01,265.75,269.5,264,268.25
04-17-01,269.5,270.5,265.5,265.75
04-16-01,267.25,272,267.25,269.5
04-12-01,261.25,268.5,261.25,266.75
04-11-01,257.75,261.25,256.5,260.75
04-10-01,261.5,263,255.5,257.25
04-09-01,262.5,264.5,259,260
04-06-01,266,266.75,261.25,262
04-05-01,266.5,268,262,265
04-04-01,262.25,266.5,262,265.25
04-03-01,260,264,257,261.75
04-02-01,256.75,261,256,259
03-30-01,265.25,270,254,255
03-29-01,266,266.25,263.75,265
03-28-01,266.75,269,263.25,264.25
03-27-01,268,269.5,265.25,267
03-26-01,263.25,267.75,263.25,267
03-23-01,260.25,263,260.25,262.25
03-22-01,267,268,259,259.75
03-21-01,271.25,271.25,262,266.5
03-20-01,269.5,271.5,267.5,270.75
03-19-01,270,271.75,264.5,268.75
03-16-01,273.75,275,270,270.5
03-15-01,284.75,285,271.5,273.75
03-14-01,278.5,278.5,275.25,276.75
03-13-01,279,279,275.25,276
03-12-01,271,277,270.5,277
03-09-01,268,271,268,270.25
03-08-01,270,272.5,267.75,270.5
03-07-01,272.5,273,268.75,270
03-06-01,274,274.75,270.5,272.25
03-05-01,271,274.5,271,273.75
03-02-01,269,271.5,268,270.5
03-01-01,267.5,268.75,265,266.75
02-28-01,258.5,266.5,257.5,265
02-27-01,260.25,260.5,257,257.5
02-26-01,260,260,256.25,259
02-23-01,258.5,260,257.5,259.25
02-22-01,262.5,264.25,258,258.5
02-21-01,267,267.5,261.5,262.25
02-20-01,265.25,268,265,266.25
02-16-01,267,269,263.5,264.25
02-15-01,268,269.5,265,267.5
02-14-01,263.5,269,263,267.5
02-13-01,262,263.5,260.5,263
02-12-01,266,267.5,261.25,261.75
02-09-01,267,269,266,266.25
02-08-01,267,270.5,266,266.75
02-07-01,267,269,266,267
02-06-01,267.5,269.25,265.25,267
02-05-01,272.5,276,268,268.5
02-02-01,271,273,269,272
02-01-01,273.5,273.5,270,270.25
01-31-01,270.5,273.5,268,273
01-30-01,269.25,272.5,268.5,270.5
01-29-01,276,276.25,268,269.25
01-26-01,279,280.5,276,276.25
01-25-01,285.5,286.5,278.25,279
01-24-01,286,286.5,281.5,285.5
01-23-01,285.5,287,283,285.75
01-22-01,286,286.5,282,285.25
01-19-01,284.5,287.5,282,285.5
01-18-01,283.5,286.75,283,284.5
01-17-01,284.5,285.5,282.25,282.5
01-16-01,287.75,288,284,285.25
01-12-01,289,290,285.5,289
01-11-01,288.5,294.5,285,289.75
01-10-01,284.5,289.5,284.5,289
01-09-01,282.5,287.5,281,285
01-08-01,283.5,283.5,278.5,283
01-05-01,284.5,284.5,280,283
01-04-01,283,284.5,281.5,284.25
01-03-01,276.25,284,275.5,283.25
01-02-01,278.5,280,275,276.25
12-29-00,271.5,280,271.5,279.5
12-28-00,272.5,274.5,271.5,271.75
12-27-00,274,274.5,270.5,272.75
12-26-00,275.75,275.75,274.25,274.5
12-22-00,273,277.5,273,275.75
12-21-00,271,273,268.5,272.75
12-20-00,274,274.5,268.5,271
12-19-00,269,273,267,272.5
12-18-00,265.5,269,265,268.75
12-15-00,268,269.5,264.5,265.25
12-14-00,257,257,253,253
12-13-00,254,256.5,254,255
12-12-00,255.5,258.5,254.5,254.5
12-11-00,257,257.25,255,255
12-08-00,252,257.5,252,257.5
12-07-00,262,262.5,254.5,254.75
12-06-00,259.5,261,258.75,260
12-05-00,261,261.5,258,259.25
12-04-00,260.5,263.5,259.5,262
12-01-00,256,261.25,256,260.25
11-30-00,251.5,256.25,251,256
11-29-00,254.5,256.25,251,251.5
11-28-00,257.25,257.25,254,255.5
11-27-00,261,262,257,257.25
11-24-00,259,263,258,260.5
11-22-00,255.25,258,253.75,257.5
11-21-00,255,256.5,253.5,254.75
11-20-00,256.5,259.75,255.5,256
11-17-00,255,258.25,255,256
11-16-00,254.5,255.5,252,254.5
11-15-00,256,258,254,254.5
11-14-00,258,259.5,255.25,255.75
11-13-00,258,259,255.5,257.75
11-10-00,258.25,258.25,254.75,256.75
11-09-00,265.75,266.25,258,258.25
11-08-00,263.25,266,262.25,265.25
11-07-00,263,263.25,260.5,262.25
11-06-00,264,266.5,262,262.75
11-03-00,260,265,260,264
11-02-00,255,261,255,259.75
11-01-00,255.5,257,254.5,254.75
10-31-00,256,258.5,250.5,254.75
10-30-00,259,260.5,254,255.5
10-27-00,256.5,260.5,256.25,259
10-26-00,255,258,254.75,256.25
10-25-00,257.5,258.5,253.75,255.5
10-24-00,257.75,258.5,253,256.25
10-23-00,260,260.5,256,256.75
10-20-00,259.75,263.5,258.5,261.25
10-19-00,264,264.75,259.75,260.25
10-18-00,268,270,262.25,263.75
10-17-00,271,274,265.5,268.5
10-16-00,267,271.5,265.5,270.75
10-13-00,272.5,273.5,267,267.25
10-12-00,276.75,280.5,272,273.5
10-11-00,275.25,278.5,273.5,276.75
10-10-00,267.5,275.5,266.5,275.25
10-09-00,269.25,269.25,264.5,267.25
10-06-00,267,270.5,266,268
10-05-00,266.5,268.5,263.25,267.25
10-04-00,268,270.5,266.5,267.25
10-03-00,267.25,269,263,268.75
10-02-00,265.5,272,264,267
09-29-00,259.25,266,258,265
09-28-00,258.75,261.5,258.5,259.25
09-27-00,254.75,259.5,252.75,258.5
09-26-00,253.75,257,253.25,254.5
09-25-00,251.5,255,251.5,253.5
09-22-00,247.25,252,246.75,250.75
09-21-00,248.75,250,246,247.5
09-20-00,248.75,253,248,249.75
09-19-00,256,257,249,249.25
09-18-00,253.5,257,248.5,256.25
09-15-00,254,255.25,252,252.25
09-14-00,242,242.5,241,242
09-13-00,245,246,240,242
09-12-00,246,246,241.75,245
09-11-00,250,250.5,248.75,249.25
09-08-00,249.5,251.25,249.5,250.5
09-07-00,248,250.25,247.5,249.5
09-06-00,251,251,245.5,247.5
09-05-00,254.5,256,253,253
09-01-00,250.75,252,248,250.25
08-31-00,248,251,247,250.75
08-30-00,250.25,250.75,245.75,246.25
08-29-00,242.5,251,242.5,250.25
08-28-00,241.5,247,241.5,242.5
08-25-00,240,244.25,240,241.5
08-24-00,234,240.5,233.75,240
08-23-00,234.75,235.25,232,233.75
08-22-00,236.5,238,234.5,234.75
08-21-00,238.75,238.75,234,236.25
08-18-00,239.5,241.25,237.5,238.75
08-17-00,244.75,245.5,238.5,239.5
08-16-00,241,244.5,241,243.5
08-15-00,239,241.5,238.25,240.5
08-14-00,237,239,236,238.5
08-11-00,236,238,232.5,236.75
08-10-00,235.5,238,235,235.75
08-09-00,236,237.5,233.5,235.5
08-08-00,234.5,237,234,236.5
08-07-00,237,239.75,233,233.5
08-04-00,241.5,241.5,236.5,237
08-03-00,246.25,247.5,241.75,242.25
08-02-00,245,247.25,244.5,246.25
08-01-00,246.25,249.75,242.5,245
07-31-00,247.75,248.25,245.25,246.25
07-28-00,246,252,246,248
07-27-00,244.25,247.75,244.25,245.75
07-26-00,245.5,247.5,243,244.25
07-25-00,244.75,247,243,245.5
07-24-00,247.25,249.5,242.5,245.5
07-21-00,247,248.5,246.5,247.25
07-20-00,244,247.5,244,246.75
07-19-00,241.25,246,239,244.5
07-18-00,244.25,247.5,241,241.25
07-17-00,248,248,243.75,244.25
07-14-00,244,244.5,242.5,242.5
07-13-00,242,245.5,242,245
07-12-00,242,243,237.5,243
07-11-00,246.75,249,246.75,247
07-10-00,243,247.25,241,247.25
07-07-00,244.5,248,244.5,245.5
07-06-00,248,250,244,244.5
07-05-00,247.5,251,247,248
07-03-00,260.5,261.5,243,245.5
06-30-00,271.75,274,258.5,259.5
06-29-00,271.5,274,270.75,271.75
06-28-00,273.75,274,270.25,271.5
06-27-00,274,277,273,273.75
06-26-00,272.25,276.75,271.25,274
06-23-00,277,277.5,272,272.25
06-22-00,277.25,281,275,277.5
06-21-00,274,279.75,273,277
06-20-00,267.5,276,266.5,273.75
06-19-00,263.75,269.5,261.5,268.75
06-16-00,262.5,265.5,262.5,263
06-15-00,261,264.75,260,262.75
06-14-00,263.5,264.75,260.5,261.25
06-13-00,266,268.25,264.25,264.75
06-12-00,268.5,268.5,264.5,265.75
06-09-00,266.5,271.75,265.5,269.75
06-08-00,264.5,268,263.5,266.5
06-07-00,267.5,268.5,260,264.25
06-06-00,266,268,263,267
06-05-00,272.25,274,264,266
06-02-00,270.5,272,267.25,271.25
06-01-00,276.5,278.75,270,270.5
05-31-00,275,276.75,274,274.75
05-30-00,280,280,272.5,274.25
05-26-00,279.5,281.5,278.5,280.75
05-25-00,279.5,282,276,279.5
05-24-00,280.75,281.25,278.25,279.5
05-23-00,281,284.5,280,281.25
05-22-00,275.5,283.5,273.5,280.25
05-19-00,272,277,271.5,276.25
05-18-00,278,281.5,271,272
05-17-00,281.25,284.5,276,277
05-16-00,283,285.5,280.5,281.25
05-15-00,282.5,283.75,276,282.25
05-12-00,270,271,270,271
05-11-00,268,273,266,272.5
05-10-00,261,265,261,265
05-09-00,257.5,258.5,257,257.75
05-08-00,259,260.25,257,258
05-05-00,262.5,263,259.75,261.75
05-04-00,263.75,265.5,260.5,265.5
05-03-00,258,264.5,257.5,260
05-02-00,251.5,255.5,251.5,254.25
05-01-00,248.5,254,243,251
04-28-00,241,249,240.5,242.25
04-27-00,248,248.25,240.5,241
04-26-00,252,255,248,248.5
04-25-00,250.75,253.25,250.5,252.25
04-24-00,248,252.5,248,250.75
04-20-00,254,254,248.5,251
04-19-00,253,253.5,249.25,253
04-18-00,253.25,256,249.5,252.25
04-17-00,256,258.25,253,253.25
04-14-00,257.5,261,255.25,255.75
04-13-00,255.5,258.75,254.5,257.75
04-12-00,252.5,256.5,252,255.5
04-11-00,252.5,255,251.5,252.75
04-10-00,257.75,257.75,252.5,252.75
04-07-00,254.25,259,251.25,258.5
04-06-00,256.5,257,252.25,253.75
04-05-00,256.5,258,253.75,256.25
04-04-00,257.75,259.5,254,255.75
04-03-00,262.75,267,257,257.75
03-31-00,255.5,263.5,254.75,262.25
03-30-00,251.75,256.5,251,255.5
03-29-00,251,252,248.5,251.25
03-28-00,255,255,249.5,249.75
03-27-00,254,256,252.75,254.5
03-24-00,256.25,258.5,252,252.75
03-23-00,262.75,262.75,256,256.25
03-22-00,260.75,263,258,261.75
03-21-00,266.25,266.25,259.25,260.25
03-20-00,267.5,268.25,266,266.25
03-17-00,266.25,273,266,272.25
03-16-00,268.25,270,266,266.25
03-15-00,271,271.5,267.25,268.75
03-14-00,256,259.5,256,259.5
03-13-00,252.5,254.5,252,253.75
03-10-00,254.5,254.5,249.5,250
03-09-00,256,256.5,254,254.25
03-08-00,249,252,248,252
03-07-00,250,252,249,250
03-06-00,246.5,250,245.75,249.75
03-03-00,246.5,248.5,245.5,247.5
03-02-00,247,247.5,244.25,247.25
03-01-00,246,249.75,245.75,247.75
02-29-00,244.75,248.25,244,247
02-28-00,247,253,244,244.5
02-25-00,255,258.25,247.5,248
02-24-00,257,257.25,253.5,254.75
02-23-00,261.5,262.5,254.25,254.75
02-22-00,264.25,267,262,262.25
02-18-00,262,265,261,264.75
02-17-00,265,267,262,262.5
02-16-00,266,268,263.25,265.25
02-15-00,269.5,269.5,265,266
02-14-00,269,272.75,268,268.75
02-11-00,272.75,273.5,267.5,269.5
02-10-00,265,273,265,271.75
02-09-00,258,266,257,265.5
02-08-00,259,260.25,256.5,259.25
02-07-00,259,260.75,257,258.75
02-04-00,253,257.5,249,257
02-03-00,257,257,253,253.75
02-02-00,258,260,256.5,257.25
02-01-00,255.75,260,254.25,258
01-31-00,258.25,258.25,254,256.25
01-28-00,263.75,264.75,259,259.75
01-27-00,260,264,256.5,263.5
01-26-00,264.5,264.75,259,260
01-25-00,265.25,266.75,263,264.75
01-24-00,265.5,269,265,266
01-21-00,265.25,266.25,261.5,264.25
01-20-00,265.5,265.75,262.5,265
01-19-00,265,267,263,266
01-18-00,261.5,265.5,261,264.5
01-14-00,262.75,267.75,261.25,265
01-13-00,258.25,263.75,257,263.5
01-12-00,253.75,260,252.25,258.75
01-11-00,253.5,256,251.5,253.75
01-10-00,251.25,255,248.75,253.5
01-07-00,248.25,252,246,251.75
01-06-00,250,251,247.5,248.5
01-05-00,247.25,250,246,249.75
01-04-00,247.5,248,241,247.25
01-03-00,249,251.5,245.25,247.5
12-30-99,246.5,250,246.5,248.5
12-29-99,247.25,248.5,246.5,246.75
12-28-99,247.25,248,245,247.25
12-27-99,250.5,253.5,245.5,247
12-23-99,248,250.75,247,249.75
12-22-99,246.5,248.5,244.75,248
12-21-99,249,249.75,245.5,246
12-20-99,237.25,237.25,234,236
12-17-99,231,233.75,231,233.5
12-16-99,227,233,227,230
12-15-99,229.5,229.5,225.75,227
12-14-99,225.5,228.5,224.25,227
12-13-99,225,225,222.5,224
12-10-99,225,227.5,224.5,227.5
12-09-99,227.5,229,225,226
12-08-99,228.75,230,225.5,227
12-07-99,234,234,230,231.5
12-06-99,228.5,233.75,227.5,233.25
12-03-99,232.25,233,227.5,228.25
12-02-99,237.5,238,231.25,232.25
12-01-99,234.5,238,233.25,236.5
11-30-99,231.75,234.75,231.25,233
11-29-99,235.75,237,230,230.75
11-26-99,238.25,239.5,235.25,235.75
11-24-99,243.5,245,239,239.25
11-23-99,242.5,245.5,238.5,243.25
11-22-99,243,244.5,241.5,243.5
11-19-99,240,244,238.25,243.25
11-18-99,244.75,244.75,240,240.5
11-17-99,250.5,251,245.5,245.75
11-16-99,252,253.25,249,250.75
11-15-99,244.5,250.25,244.5,250
11-12-99,247,248,244,244.25
11-11-99,248,248.5,243.25,247
11-10-99,253.75,254.25,247.5,248
11-09-99,259.75,261,253,253.5
11-08-99,256.75,260,256.5,258.75
11-05-99,259,261,254.5,256
11-04-99,260.5,261.5,258,259.25
11-03-99,255.25,261,254,259.25
11-02-99,252.75,256,252.75,255.25
11-01-99,255.25,257,251,252
10-29-99,257.25,257.5,252,255.75
10-28-99,257,259.75,256.5,257.25
10-27-99,256.5,259.75,255,256.5
10-26-99,262.5,266,256.5,256.75
10-25-99,257.5,262.5,257.5,262
10-22-99,257,259.75,255,258
10-21-99,257.75,258.5,254.5,257
10-20-99,263.25,264.75,257.5,257.75
10-19-99,260.5,264,260.25,263
10-18-99,256.25,262,254.75,260.25
10-15-99,255,258.5,253.25,256.5
10-14-99,255.25,257.25,253.75,255.5
10-13-99,257.5,259,254.5,255.5
10-12-99,254,259.5,254,257.5
10-11-99,254,255,250.5,253.5
10-08-99,259.75,261,253.5,254.75
10-07-99,264.5,264.5,258.5,258.75
10-06-99,264.5,265.5,259,264.25
10-05-99,269,269.5,264,264.5
10-04-99,266,269.5,262,268.75
10-01-99,276,276.75,266,267
09-30-99,284.25,284.5,275,275.75
09-29-99,285.75,290,284,284.25
09-28-99,279.75,286.5,278.75,285.75
09-27-99,277,282.5,273.5,279.75
09-24-99,273.25,278.5,273,277.75
09-23-99,269.75,273.75,267,273.25
09-22-99,270.75,272.5,269.25,269.75
09-21-99,259,260,255,258
09-20-99,261,262,259,259
09-17-99,263.5,264,260.5,262.5
09-16-99,262,263.5,258,263.25
09-15-99,272,272,261,261.5
09-14-99,271.5,274,271,274
09-13-99,274,275.5,272,274.25
09-10-99,268,274.5,268,274
09-09-99,269.5,271.75,269.5,270
09-08-99,274.5,275,269,269
09-07-99,278,279,276.5,277
09-03-99,270.5,273.5,270.5,272.75
09-02-99,266.5,271,263.75,270.75
09-01-99,264.5,266.75,264.5,266.75
08-31-99,260.75,265.5,260.5,264.75
08-30-99,262,264.5,259,259.75
08-27-99,265,265.5,261.25,262.75
08-26-99,268.75,269,265.75,266.75
08-25-99,266.75,269,262.75,268.75
08-24-99,271.5,273,266,267.25
08-23-99,269.75,271.5,265,270.75
08-20-99,272.25,272.75,269.25,269.5
08-19-99,270.5,274,269,272.25
08-18-99,268.5,272.75,265,270.5
08-17-99,269.75,274.75,268.5,269
08-16-99,267.75,271,267.5,268.75
08-13-99,263.5,268.75,263,268.25
08-12-99,272.75,272.75,260,263.5
08-11-99,279.25,279.25,272,272.75
08-10-99,280,283,279,279.25
08-09-99,276.5,280,275.5,279.5
08-06-99,278,281.5,275,279.25
08-05-99,276.5,279,271.5,278.5
08-04-99,271.25,276.75,269,276.5
08-03-99,282,286.75,271,272
08-02-99,264,283.75,264,282.75
07-30-99,257.5,264,256.5,263.75
07-29-99,254.5,261,254.5,257.5
07-28-99,251.75,259,251.75,256.5
07-27-99,258,259.5,250.25,252
07-26-99,261,261,255,258.5
07-23-99,253,263.25,253,262.5
07-22-99,253.5,260.5,250.5,252.75
07-21-99,239.5,243,239.5,243
07-20-99,237.5,240.75,237.5,238.5
07-19-99,237,237,235,235.75
07-16-99,235,235,231.5,233
07-15-99,237.5,237.5,235.25,235.5
07-14-99,234,235,231.25,234.25
07-13-99,232.75,235.5,232.5,232.5
07-12-99,231,234.5,230.5,233.75
07-09-99,234,234.5,231.75,233
07-08-99,238.5,239.5,235,235.25
07-07-99,236,238.5,234.5,238
07-06-99,239,239,235,235.75
07-02-99,246,246,240,240.25
07-01-99,253,253,245.75,246.25
06-30-99,250,252,246.5,250
06-29-99,253.25,256.5,249.5,250.25
06-28-99,250.5,255,250.5,252.5
06-25-99,250,254.5,248.75,251.25
06-24-99,252,253,248,250
06-23-99,249.75,252.5,248,252
06-22-99,254,256.25,249.75,250.25
06-21-99,255.5,258,253.5,254.75
06-18-99,254,258.25,251.5,254.75
06-17-99,257,260.5,254.75,255
06-16-99,258.5,260,256.5,257.25
06-15-99,262.5,264,257.5,259
06-14-99,256.75,263,254,262.75
06-11-99,259.5,263,256.25,257
06-10-99,255,260,254.5,259.75
06-09-99,255,258.75,251.75,255
06-08-99,256.75,258,254.5,255.25
06-07-99,257.25,263.5,257.25,257.75
06-04-99,261,261.5,256.5,256.75
06-03-99,254,261.5,254,261
06-02-99,251.75,253.5,246.5,253.25
06-01-99,252.25,252.25,247,251.75
05-28-99,250,254,250,252.25
05-27-99,247,250.5,247,250
05-26-99,248,251,247,247.5
05-25-99,247.5,249.75,247.25,248.75
05-24-99,251.25,252.75,246.75,247.25
05-21-99,256,256,252,252.25
05-20-99,260,261,256,256.25
05-19-99,256.5,256.5,254.25,254.25
05-18-99,254.5,256,249.5,256
05-17-99,253,256.5,253,255.25
05-14-99,264,264,252,253
05-13-99,264,265.5,263,263
05-12-99,259.5,264,259.5,262
05-11-99,255,258.5,255,258.5
05-10-99,256,256,252.75,255.75
05-07-99,253,255.25,249.25,255.25
05-06-99,251.5,253.25,250.75,253
05-05-99,251.5,254.5,250.5,252.5
05-04-99,255,256.5,251,252.75
05-03-99,258,260.75,253,254.75
04-30-99,252,260,251.75,259
04-29-99,253,255.5,251,252.75
04-28-99,249.5,253,247.5,252.75
04-27-99,253,256.5,249,249.5
04-26-99,255,255,251,252.75
04-23-99,256,258.5,251.5,255
04-22-99,256,261,256,257.25
04-21-99,258,259.5,255,257.25
04-20-99,254,259.75,254,258.5
04-19-99,256,256,250,252.25
04-16-99,263.5,264,255,256.5
04-15-99,258.5,263.5,257.75,262.5
04-14-99,258,263,256.75,258.75
04-13-99,258.5,261,253,256
04-12-99,265.75,268,258,258.75
04-09-99,269,269,265,265.75
04-08-99,274.75,276,268,268.75
04-07-99,279,280.5,272.5,274.75
04-06-99,279.25,281,273,279.5
04-05-99,276.75,281.5,274.5,279.25
04-01-99,280.25,281.25,275.75,276.75
03-31-99,293.75,295,279.5,280.25
03-30-99,293.5,297,289.25,294
03-29-99,288.5,294.5,285.5,294.25
03-26-99,280,289.5,279.5,289
03-25-99,269,283,267.5,282.25
03-24-99,274,278,269,269.75
03-23-99,276.25,276.25,272.5,272.75
03-22-99,268,272,267,272
03-19-99,266,268,266,268
03-18-99,268,269,266,266.5
03-17-99,271.5,273.5,270,271.5
03-16-99,265,269,262.5,269
03-15-99,262,265.5,260,264.75
03-12-99,267,269,264.5,264.5
03-11-99,266.5,269,264.5,268.25
03-10-99,257,265,257,265
03-09-99,259.5,262.5,255.5,255.5
03-08-99,260.5,264,260,260.5
03-05-99,250,258,249.75,258
03-04-99,252,257,250,252.5
03-03-99,251,255.5,249,250.25
03-02-99,248,254,244.5,253.25
03-01-99,237.25,245.5,237.25,244.5
02-26-99,239,242,236.5,237.25
02-25-99,245,247,238,238.75
02-24-99,251.75,251.75,243.5,244.25
02-23-99,253,254.75,251.25,251.75
02-22-99,255.5,255.75,248.5,251.75
02-19-99,258,258.5,254,254.75
02-18-99,254.5,258.5,252,258
02-17-99,252,255,247,254.75
02-16-99,258,259.5,251.5,252.25
02-12-99,262.75,263,257,257.5
02-11-99,268.25,271.25,262.25,262.75
02-10-99,264,267.5,261,267.25
02-09-99,266,266.25,263.25,264.5
02-08-99,270,270,266,266.5
02-05-99,268.5,270,268,269.5
02-04-99,265.5,268,265.25,267.75
02-03-99,270.25,274.5,265,265.75
02-02-99,270.25,272.5,269,270.25
02-01-99,274,274.5,268,269.75
01-29-99,273.5,276,271.5,275.5
01-28-99,273,276.5,271,273.25
01-27-99,271.25,273,267.5,272.5
01-26-99,270,275,270,271
01-25-99,270.75,270.75,267,269.5
01-22-99,267.5,272.5,267,271.25
01-21-99,270.5,271.5,263,268
01-20-99,268.5,271.5,267.5,270.5
01-19-99,276.5,276.5,266.5,268.5
01-15-99,276.5,278.5,276,277
01-14-99,274,277.5,274,276.5
01-13-99,281.5,283.25,271,274.25
01-12-99,286,286,280,281.5
01-11-99,291.75,292,285.5,285.75
01-08-99,287,294,286.5,291.25
01-07-99,287.5,289.5,286,287.5
01-06-99,281,288,280,287.5
01-05-99,279.5,281,277,280.25
01-04-99,276.5,289,275,279
12-31-98,276,277.5,274,276.25
12-30-98,281.5,281.75,275,276
12-29-98,283,284.5,281.5,281.75
12-28-98,283,285.25,280.75,282.5
12-24-98,277.5,283,277.5,282.75
12-23-98,277.5,280,276,277.75
12-22-98,279,281,276,276.75
12-21-98,266,266.75,261.5,262.5
12-18-98,262.5,265,260.5,265
12-17-98,266,267.5,262.5,263
12-16-98,263,265,262.5,264
12-15-98,264.5,266,262,262
12-14-98,259.5,264.5,257,263.5
12-11-98,261.5,263.5,259,261
12-10-98,262.5,263,259,262.5
12-09-98,270,272.5,262,262
12-08-98,270,270.75,267,270.75
12-07-98,272.5,273,269,270.5
12-04-98,270,273.5,269.5,271.25
12-03-98,274,274.75,270,270.5
12-02-98,272.5,276.75,272.5,274.75
12-01-98,277,277.75,272.75,273.5
11-30-98,276,281,275.75,277
11-27-98,278.5,280.5,276.75,277
11-25-98,275.75,279,275.75,278
11-24-98,277.5,278,274,276
11-23-98,285,285.5,276.5,277
11-20-98,291,291,284,285.5
11-19-98,293,294,289.75,291
11-18-98,288.5,293.5,288,293
11-17-98,286.5,288.75,286.25,288
11-16-98,287,289.5,285.5,286.5
11-13-98,290.75,292,287,287.5
11-12-98,293,295.5,290,292.25
11-11-98,294,295,290.5,292.5
11-10-98,293,295,291,293
11-09-98,290,294,290,293
11-06-98,287,292,286,290
11-05-98,282.25,288.5,282.25,287.5
11-04-98,285,287.5,283,284.25
11-03-98,288,292,284.25,287.5
11-02-98,293.75,294.25,285,287.25
10-30-98,290.25,296,289.5,294.25
10-29-98,295.5,299.25,289.5,290.5
10-28-98,296,298.75,293.5,295
10-27-98,299.75,301,295,295.25
10-26-98,295,301,293,299.75
10-23-98,295,297,292.5,295.25
10-22-98,287.25,294.5,286,294
10-21-98,286,288.25,282,287
10-20-98,293.25,294,285.5,286.25
10-19-98,295.5,298,293.5,294
10-16-98,292,297,289,295.75
10-15-98,294,294,288.5,291.75
10-14-98,294.5,296.5,291.5,294
10-13-98,289.5,298,288,296
10-12-98,294.75,294.75,290,290.25
10-09-98,296.75,304,296,296.75
10-08-98,294.5,299.75,292.5,299
10-07-98,284,298,284,295.5
10-06-98,286.5,287,282.25,283.75
10-05-98,278,289.5,277.25,286.5
10-02-98,269,276.75,269,276
10-01-98,269.25,270.75,267,269
09-30-98,276.75,276.75,269,269.25
09-29-98,277,278.75,275.5,276.75
09-28-98,276,278.25,273.5,276.75
09-25-98,279,280.5,275.5,276.25
09-24-98,274,280,273.25,278.75
09-23-98,275,277,271.5,274.25
09-22-98,271,274.75,271,274.25
09-21-98,253,259.25,252,256
09-18-98,253.5,257.5,253,254.5
09-17-98,249,253.5,248.5,253.5
09-16-98,252.5,257,249,249
09-15-98,250.5,254.75,249,254.25
09-14-98,243,249,243,248.5
09-11-98,243.5,244.75,242,243.5
09-10-98,245,249,244,248
09-09-98,249,250,244.5,245
09-08-98,248.75,250.75,248,250
09-04-98,246.5,250.5,246,246
09-03-98,240.5,244.5,238.5,244.25
09-02-98,237.5,241.5,237.5,240
09-01-98,235,240,234.5,236.5
08-31-98,242,244,237,237.5
08-28-98,243.5,244.25,241,241.25
08-27-98,244,245.75,240.5,243.75
08-26-98,247,247.5,245,245.25
08-25-98,253,253,246,247.5
08-24-98,253,253.25,249,253
08-21-98,256,256,252.5,253
08-20-98,258,258.75,255.25,255.75
08-19-98,258.75,261,256.5,258
08-18-98,263.5,263.5,257,258.25
08-17-98,260.25,264,260,262.5
08-14-98,253.5,261,253.5,260
08-13-98,259.25,260.75,253,253.5
08-12-98,253.5,259.5,252.25,259.25
08-11-98,255.75,256.5,252.5,253.75
08-10-98,251,256.5,250.25,256
08-07-98,251.5,255,251,251.5
08-06-98,246.75,251.5,246,251.25
08-05-98,246.75,248.75,246,246.75
08-04-98,250.25,253,247,247.25
08-03-98,252.25,253,249,250.75
07-31-98,253,256,252,252.5
07-30-98,251.5,255.25,251,253.25
07-29-98,256.5,257.5,251.25,252.25
07-28-98,260.5,262.5,255.25,256
07-27-98,262.75,263.25,260.25,260.5
07-24-98,265.25,267.5,263,265.25
07-23-98,268,268.5,265.5,265.75
07-22-98,259,268,258.25,258.25
07-21-98,268,269,264,264.5
07-20-98,267.5,269,265,268
07-17-98,265,266.5,265,266
07-16-98,261.5,264.5,261,262
07-15-98,263,263,260.5,260.5
07-14-98,265,265,262.25,262.25
07-13-98,267,267.5,266,266
07-10-98,266.5,268,265,265.75
07-09-98,272,274,270,271.5
07-08-98,281,282.5,273,273
07-07-98,275,278,275.5,276.75
07-06-98,267,273,266,272.75
07-02-98,272.5,273,268,268.25
07-01-98,280,280,271,273.5
06-30-98,270,277,268.25,276.25
06-29-98,280.25,280.25,267,268.25
06-26-98,288.75,294.5,281,282
06-25-98,292,294.5,288,289
06-24-98,291.25,295,288,294.25
06-23-98,286,294.25,285.75,291.25
06-22-98,288,291.5,284,286.5
06-19-98,282.75,298,282,289
06-18-98,283.5,289,281.5,283.75
06-17-98,278,289,277.5,283.75
06-16-98,275,280,274.75,277
06-15-98,278.5,279,273.5,274.5
06-12-98,277.75,281,275.75,279.25
06-11-98,276.25,279.5,276,277.75
06-10-98,278.25,280.5,277.25,278.25
06-09-98,275.25,279,274.5,278
06-08-98,280.25,280.25,275,275.5
06-05-98,282,282.75,279.5,280.25
06-04-98,280.5,283,279.5,282.25
06-03-98,287.75,290,281,281.25
06-02-98,284,288,284,287.25
06-01-98,283,284,281.25,284
05-29-98,284,287.5,283.25,284.25
05-28-98,287.5,293,284.25,284.5
05-27-98,293,293.25,282.75,287.5
05-26-98,295.5,296,291,292.25
05-22-98,298,299.5,296.5,298.5
05-21-98,303.5,305.5,298,298.5
05-20-98,298,304,297.5,302.75
05-19-98,292,293.5,290.75,291.75
05-18-98,295.5,297.5,294,294.5
05-15-98,296,296,294,294.25
05-14-98,297,297,296,296
05-13-98,297,299,297,297.5
05-12-98,295.25,295.25,292.5,294.5
05-11-98,296,297,292.5,294.75
05-08-98,305.75,303.25,301.25,302.25
05-07-98,306,309,302,305.75
05-06-98,300,305,300,305
05-05-98,294,298.5,294,298
05-04-98,294,295,289.75,292.75
05-01-98,289,292,288.5,289
04-30-98,294.5,295.5,289.5,289.75
04-29-98,299,301,293,293.25
04-28-98,295.75,299.5,294,298.25
04-27-98,295,296,291,295.75
04-24-98,293,299,293,295
04-23-98,295,296.5,292,292.75
04-22-98,300.25,300.25,295,295.5
04-21-98,298.5,303.5,298,300.5
04-20-98,303.75,303.75,298.5,298.75
04-17-98,305,308,302,303.75
04-16-98,305,306.25,298,304.75
04-15-98,301.5,306.25,301.5,305.25
04-14-98,301,304,300,300.75
04-13-98,299.5,303,297,300.5
04-10-98,298,299,298,299
04-09-98,302.25,302.5,298,298.5
04-08-98,303,304.25,301,302.25
04-07-98,306,307.5,302,302.5
04-06-98,311,311.75,303,305.75
04-03-98,317,317.5,311,311.25
04-02-98,314,317.5,312.5,316.5
04-01-98,319.5,321,313.5,314.5
03-31-98,325,326.75,318.5,320.25
03-30-98,322.5,326,322.25,325
03-27-98,320.5,323.5,319,322.25
03-26-98,328.5,330,318,320.25
03-25-98,331,331.75,328.25,328.5
03-24-98,332.5,332.5,328.5,331.25
03-23-98,327.75,333,325,332.25
03-20-98,321,322,320,320
03-19-98,323,325,322.5,324
03-18-98,334.5,335.5,327,327
03-17-98,331.25,334.5,331,332.5
03-16-98,334.5,334.5,329,330.75
03-13-98,336,338,335.75,335.75
03-12-98,339,339.5,336.5,338.5
03-11-98,335.5,341.5,335,339
03-10-98,328,333,328,332.5
03-09-98,329,329.5,328,329
03-06-98,325.5,328,324,325.5
03-05-98,326,327,323.25,323.5
03-04-98,328,329.5,325.5,326
03-03-98,329.5,331.5,327,328.5
03-02-98,327.5,334,326.5,329.75
02-27-98,322,330,319,327.5
02-26-98,318.5,324.75,318.25,321.5
02-25-98,320,321.25,317.5,318.75
02-24-98,326,327,318.5,320.5
02-23-98,324,327.5,323.25,326
02-20-98,323.5,325,320.5,323.25
02-19-98,322.5,325,316,322.5
02-18-98,322.5,324,321,322
02-17-98,327,328.5,321,322.25
02-13-98,333,333,329,329.5
02-12-98,333,334.5,330,333.5
02-11-98,338,338.5,330,332.5
02-10-98,337.5,339.25,336,338
02-09-98,334,338.5,333.5,337.25
02-06-98,338,338.5,333,334
02-05-98,341,343.25,338.5,338.75
02-04-98,343.5,345.5,341,341.75
02-03-98,343.5,347,341,344.25
02-02-98,338,344,335,343.5
01-30-98,338.25,340,336,337.25
01-29-98,341,342.5,338.25,338.75
01-28-98,340,344,339.5,341.25
01-27-98,342,348,339.5,341.25
01-26-98,335,343,333.5,341.75
01-23-98,331,337.5,331,334.25
01-22-98,328.5,332,328,331
01-21-98,331.5,333,329.25,330
01-20-98,334,336,329.5,332
01-16-98,333.75,337.5,332,334.25
01-15-98,328,334.5,325,333.75
01-14-98,334.75,337.5,328,329.5
01-13-98,322,341.75,321.75,334
01-12-98,320.5,324,319.25,321.75
01-09-98,321,322.5,319.5,321
01-08-98,329,329.5,320,320.5
01-07-98,324.5,329.5,322.5,329
01-06-98,331.5,331.5,324,324.5
01-05-98,332,334,327,331
01-02-98,327,331.5,325,330.75
12-31-97,327.75,329.5,325.5,325.75
12-30-97,333.5,333.75,327.5,327.75
12-29-97,339.25,340.5,333.5,333.75
12-26-97,338,339.5,336.5,337.75
12-24-97,335,340.25,334.5,337.25
12-23-97,334.5,336.5,332.5,335.75
12-22-97,333.75,338,332,333
12-19-97,322,322.5,320,321.5
12-18-97,329,330,320.25,320.25
12-17-97,331.5,333,331.25,332.5
12-16-97,332,332.5,330.5,331.5
12-15-97,330,331.5,327,329
12-12-97,337.5,340,330.75,330.75
12-11-97,343.5,343.5,337,337
12-10-97,345.5,345.5,342.75,344.5
12-09-97,348,349.5,344.5,344.5
12-08-97,346,347.5,345.5,346.75
12-05-97,342,345.5,339,344
12-04-97,339.5,341,338.75,340.25
12-03-97,340,343,338,338.75
12-02-97,345,347,340.5,341.25
12-01-97,341,348,341,344.25
11-28-97,340,342,338,341.75
11-26-97,335,342,334,339.25
11-25-97,339,340.5,334,335
11-24-97,344,345,339,340.25
11-21-97,339,344,338.5,343.25
11-20-97,339.5,342,339,339.5
11-19-97,345,345.75,340,340.25
11-18-97,344.5,348,343.5,345.75
11-17-97,339.75,346.75,339,345.5
11-14-97,341.25,342.5,339.5,340
11-13-97,345,346.5,341,341.5
11-12-97,349.5,350.5,344.5,344.75
11-11-97,350.25,353.5,349,349.5
11-10-97,356.5,357,347,350
11-07-97,357.5,359.5,355.25,358
11-06-97,355.5,358.5,352,358
11-05-97,359.25,360,355,355.75
11-04-97,362.5,364.5,359,359.25
11-03-97,360.5,364.5,358.5,363.25
10-31-97,360,362.5,358.25,360.5
10-30-97,357.5,361.5,355,359.75
10-29-97,361.5,365,358.5,358.75
10-28-97,359.5,361.5,355.5,361
10-27-97,370.5,372.75,360,361.5
10-24-97,366.75,371.5,366,369
10-23-97,373.25,373.5,366.5,366.75
10-22-97,375,379.5,371.5,374
10-21-97,370.5,377,369.5,376
10-20-97,362,371,362,370.5
10-17-97,365.25,366,362.5,363.25
10-16-97,369.5,372.5,365,365.25
10-15-97,365,373,363,369.75
10-14-97,371,371,365,366.5
10-13-97,367,373.5,364.5,371.25
10-10-97,368,374,364,365.25
10-09-97,362,372,362,368.75
10-08-97,366.25,368,361.5,362.75
10-07-97,354.75,367.5,354,365.75
10-06-97,358.5,359.5,353,355.25
10-03-97,355,360,354,357.75
10-02-97,350.75,357,348.5,354.75
10-01-97,354.75,355.75,350.5,350.75
09-30-97,359.5,361,354,354.25
09-29-97,355.5,360,354.5,359
09-26-97,365.25,365.75,357,357.25
09-25-97,365.5,366.5,363,365.75
09-24-97,367,369.5,362.5,365.25
09-23-97,364.75,367.5,363.5,367
09-22-97,368.5,368.5,362,364.25
09-19-97,354,357,353,353
09-18-97,362,366,353,354
09-17-97,354.75,361,354,361
09-16-97,359,359,356,358
09-15-97,358.5,359,352.5,356
09-12-97,363,364,357,358.5
09-11-97,364,366.5,362,364
09-10-97,369,369.5,365.5,366.5
09-09-97,365.5,369.5,363.5,368
09-08-97,370,370,363,365
09-05-97,369.5,376,369,372.25
09-04-97,372,376,370.5,371.75
09-03-97,384,384,373.5,374.75
09-02-97,376,379.75,372.5,377.75
08-29-97,375.25,382,374.5,378.25
08-28-97,372,378,368.75,376
08-27-97,363,372,362.5,371.25
08-26-97,365,366.75,363,364
08-25-97,368,368,361,365.25
08-22-97,369,372.5,368,368.75
08-21-97,364,370,364,369.5
08-20-97,360.75,365,360.5,363.25
08-19-97,358,362,357.75,360.75
08-18-97,353,359.5,353,357.5
08-15-97,354.5,358,351.5,354
08-14-97,361,361.25,355,355.25
08-13-97,360.5,363.25,355.5,361.25
08-12-97,364.5,373,360.5,361
08-11-97,365,367.25,362,363.75
08-08-97,363,368,362,367.25
08-07-97,363,367,358,363.25
08-06-97,354,363,353.25,362.25
08-05-97,353.5,354,348,353.25
08-04-97,362.75,367,353.5,354.75
08-01-97,361.5,363.5,358,361.5
07-31-97,356,364,353.5,362
07-30-97,358.25,360,352,356.25
07-29-97,358,360.5,355,358
07-28-97,357,364,355.25,357.5
07-25-97,357,361,353.5,358.5
07-24-97,356,359,353,358.5
07-23-97,351,359,349.75,356.75
07-22-97,338,342,338,342
07-21-97,324,332.5,323.5,332.5
07-18-97,328,330,327,328.5
07-17-97,324,327,323,325
07-16-97,330,330,325,325
07-15-97,329,334,325.5,332
07-14-97,330,335,327,329
07-11-97,316,325.5,315,322
07-10-97,326,326,321,321.5
07-09-97,317.5,330,317.5,325.75
07-08-97,314,319.5,313,316.5
07-07-97,318.75,318.75,313,313.5
07-03-97,322,324.5,320,320.25
07-02-97,323,330,321.5,324
07-01-97,324,328,322,322.5
06-30-97,325.5,327,319.5,323.75
06-27-97,333,333.5,325,325.75
06-26-97,332,335,331,333
06-25-97,330,335,329.5,331.75
06-24-97,328.5,335.5,328.5,332.5
06-23-97,332,334,328,329.75
06-20-97,337.5,339,332.25,334.75
06-19-97,339,340,336,337
06-18-97,343.5,344.5,338.5,338.75
06-17-97,342.5,346,342,343.75
06-16-97,351,353,342.5,342.75
06-13-97,354.5,358,348,352.5
06-12-97,365.5,367,352,353
06-11-97,363,367,361,364.5
06-10-97,369,372,362,363
06-09-97,360.5,369,356.5,367.5
06-06-97,358.5,362,357.25,359.5
06-05-97,353.5,358,351,356
06-04-97,362,362.5,352.5,353.75
06-03-97,362,365,360.5,362
06-02-97,361,365,356.5,360.75
05-30-97,358.5,364,358,360.5
05-29-97,368,374.5,358,358.5
05-28-97,363,368,357,367
05-27-97,375.5,376,363,363.5
05-23-97,376,378,372,375
05-22-97,383,384.75,376.5,377.25
05-21-97,381.75,384,379.25,382.25
05-20-97,389.5,390,381,381
05-19-97,385,392,385,392
05-16-97,386,393,383.5,387
05-15-97,383.5,389,383,383
05-14-97,390,390,380,383
05-13-97,390,390,385,388
05-12-97,399,400,389,393
05-09-97,402,407,402,405
05-08-97,395.5,402,393.5,400
05-07-97,401,402,395,395
05-06-97,402,402,394,394
05-05-97,407.5,410.5,404,405.25
05-02-97,414.5,414.5,406,406.25
05-01-97,421,424,413,414
04-30-97,413,424,412.5,423
04-29-97,412,416,406.5,411
04-28-97,422,422,411,412
04-25-97,420,427,420,423.5
04-24-97,431.25,434,420,421.5
04-23-97,444,447,432,432.25
04-22-97,449,447,431,441.75
04-21-97,439,449,433.5,439.5
04-18-97,424.25,438,418,437
04-17-97,406.75,426.75,404.5,425.25
04-16-97,413.75,416.25,406,406.75
04-15-97,433,435,413.5,415.75
04-14-97,413.5,423,411.25,423
04-11-97,393.25,409.5,391,403
04-10-97,387,394,386,393
04-09-97,386,388,381,385.5
04-08-97,381.5,388,381,382
04-07-97,375.5,382.25,373.25,380.5
04-04-97,378,378,368,371.75
04-03-97,388.5,389,372,375
04-02-97,393.25,393.5,386,388.5
04-01-97,398.5,407,392.5,393.75
03-31-97,401.5,408,396,397.5
03-27-97,396.5,402.5,396,401.75
03-26-97,389.25,397.5,389.25,395.5
03-25-97,386.5,391,386.25,389.5
03-24-97,388,390,385,386.5
03-21-97,395,396,387,390
03-20-97,390.5,403,390.25,397.5
03-19-97,377,379,377,378
03-18-97,376,378.5,373,377
03-17-97,382,383,375,376.25
03-14-97,379,384.5,377,383.25
03-13-97,376,376,369,374
03-12-97,383,383,376,376
03-11-97,370,381,370,381
03-10-97,376,381,371.5,376.5
03-07-97,374,380.5,368,375
03-06-97,365,375,365,373.5
03-05-97,368,375,363,366.5
03-04-97,373,380,368,371
03-03-97,375.75,379,370,373
02-28-97,367,375.5,364,373
02-27-97,370,373,367,368.25
02-26-97,375.25,378,370.5,370.75
02-25-97,373.5,378,368,377
02-24-97,374,380,370,375
02-21-97,366,375.5,361,373
02-20-97,359,365,359,363.75
02-19-97,364.25,368,358.5,359.5
02-18-97,361.5,370,361.5,364.25
02-14-97,359.5,362,357,359.5
02-13-97,356.5,363,356,359
02-12-97,363,365.5,354,357.25
02-11-97,353,363,351,362
02-10-97,359,360.5,352,352.5
02-07-97,358,358,354.5,356
02-06-97,363,365.25,357,358
02-05-97,356,362,356,361.5
02-04-97,361.5,362.5,356.5,357.75
02-03-97,358.25,363,357,361.5
01-31-97,369.5,370.5,357,359.75
01-30-97,370.5,373.5,370,370.25
01-29-97,373.75,375.5,370,370.25
01-28-97,371.75,374.5,371.25,373
01-27-97,376,376,371,371.5
01-24-97,376.5,379.5,374.5,375
01-23-97,378.5,379.5,374,375.75
01-22-97,383,385,378.5,379.25
01-21-97,377.5,382.75,375,382.25
01-20-97,377.5,385.5,375,377.5
01-17-97,387.5,388.25,379.25,380.5
01-16-97,390,390.5,382.5,387.25
01-15-97,388,391,386,390.25
01-14-97,391,392,387,388
01-13-97,388,391.5,384,391
01-10-97,389,399.75,385.5,387
01-09-97,394,395,388,389.25
01-08-97,393.5,397.5,393.5,395
01-07-97,388,393,387,392.5
01-06-97,385.5,394.5,384.25,388.5
01-03-97,389.5,391,383,384
01-02-97,381.5,391,381,389.25
12-31-96,381.5,386,380.25,381.25
12-30-96,388.75,389,381.5,382
12-27-96,394,396,389,389.5
12-26-96,393,398.5,392,394
12-24-96,390.5,392.5,386.5,391.75
12-23-96,393,393,389.5,390.5
12-20-96,400,400,392,393.25
12-19-96,409,414,402,403
12-18-96,405,416,401,402
12-17-96,406,409,402,404.5
12-16-96,403,414,403,413.75
12-13-96,403,407.5,398.5,406
12-12-96,400.5,407,398,404
12-11-96,392.25,400,392.25,399
12-10-96,388,396,388,393.5
12-09-96,389,393,387,390
12-06-96,387,392,384,391
12-05-96,380,386,377,384.75
12-04-96,385,387.5,377,378.25
12-03-96,390,391,384.5,385
12-02-96,395.5,398,391,393.25
11-29-96,403,407,393,396
11-27-96,413,414,400,400.5
11-26-96,420,420,406.5,413
11-25-96,411.25,422.5,411.25,415.75
11-22-96,408,412,404,410.25
11-21-96,414.75,421,407.5,408.25
11-20-96,398,415,398,413.25
11-19-96,394.5,399,392.25,397.75
11-18-96,396,396,391,394
11-15-96,396,402.5,395,397.25
11-14-96,400.75,404.5,395,396.75
11-13-96,395.5,402,393,400.75
11-12-96,384.25,396,381.5,391.5
11-11-96,379.75,387,378,383.5
11-08-96,376,381,373,378.75
11-07-96,369,378.5,369,375
11-06-96,368.75,374.5,368.75,369.5
11-05-96,379,379.5,368,368.75
11-04-96,374,382,373.5,379.75
11-01-96,371.5,375.25,370.5,374.75
10-31-96,380.5,380.5,370,371.25
10-30-96,385,385.5,380,381
10-29-96,382,387.5,379,384.5
10-28-96,388.5,390,380,382.25
10-25-96,385,391.5,381,389.75
10-24-96,399,399,382,384
10-23-96,399.75,405,398,398.5
10-22-96,400,401.5,392,399.5
10-21-96,404.5,406,400,400.5
10-18-96,408,413,402.5,404.75
10-17-96,417,417.5,409,411
10-16-96,420.75,424,417,417.25
10-15-96,430.25,433,421,421.75
10-14-96,423.75,430,421.75,429.5
10-11-96,423.5,430,419.5,424.5
10-10-96,427.5,428.5,422.5,424
10-09-96,429.5,432.5,425,427
10-08-96,423,429,419.5,428.5
10-07-96,421.75,423.5,418.5,422.5
10-04-96,420.5,423,413.5,421
10-03-96,423.5,425,417,420
10-02-96,434.5,439,421.5,422.5
10-01-96,435,438,432,433.75
09-30-96,430,436.5,425,436
09-27-96,429.5,432,428,431.5
09-26-96,429,433.5,427,429.25
09-25-96,429.5,432.5,427,429.5
09-24-96,425,433.5,425,429.5
09-23-96,419.5,428.5,417.5,426.5
09-20-96,416,425,415.5,421
09-19-96,434,436,421.5,422
09-18-96,422,432.5,422,432.5
09-17-96,424.5,430,423,423
09-16-96,426,426.5,419,423.25
09-13-96,435,435,427.5,429
09-12-96,442,444.5,436,438
09-11-96,456,459,444,444
09-10-96,453,462,453,461.5
09-09-96,443,455,443,453.5
09-06-96,444,448,442.5,446.5
09-05-96,449,449.5,441.5,447.5
09-04-96,450,453.5,447,449
09-03-96,448.25,457.5,447.5,452.5
08-30-96,452,452.5,447.5,448.5
08-29-96,450,453,446,451.25
08-28-96,458,459,450.5,451.25
08-27-96,456,459.75,455,458.25
08-26-96,453.25,462,450,459.25
08-23-96,450.75,455,447,452.75
08-22-96,450,452,447,450.5
08-21-96,454.5,456,450,451
08-20-96,458,459,453,454.5
08-19-96,453.25,461.5,446,459.5
08-16-96,457,457,452,454.5
08-15-96,457.75,459,452.5,457.25
08-14-96,460,465,455.5,456
08-13-96,473.25,476,457.5,460.25
08-12-96,464,482.75,464,474.5
08-09-96,461,469,458.5,462.75
08-08-96,453.75,462.5,453,459.75
08-07-96,448.5,455,448.5,453.75
08-06-96,444,450,438,448.5
08-05-96,445,449.5,441,443.5
08-02-96,445,452,438.5,449
08-01-96,439,447,437.25,446
07-31-96,438.25,441,435,440
07-30-96,444,448,437,438.25
07-29-96,434,444,432.5,443.75
07-26-96,443.75,444.5,428,434.5
07-25-96,440,444.5,434,443.75
07-24-96,453.75,454,440,441
07-23-96,460.25,464,449,453.75
07-22-96,471,475,453,460
07-19-96,483,489,467,469.5
07-18-96,477.5,495,473,483
07-17-96,474,483,470,477.5
07-16-96,491.25,491.25,474,480.5
07-15-96,494,501.5,490,491.25
07-12-96,504,519,499,500.25
07-11-96,494,511.5,494,505.5
07-10-96,491.5,492,486.5,491.25
07-09-96,480.5,494,478,491.5
07-08-96,468.75,478.5,468.75,474.75
07-05-96,469,476.5,468,470
07-03-96,470,476.5,469,476.25
07-02-96,481,481,471,471.75
07-01-96,478,494.5,476,483.75
06-28-96,478,482.5,470.5,478.5
06-27-96,491.5,494,477.5,478.5
06-26-96,501,501,492,492.5
06-25-96,500,507,499,502.25
06-24-96,491.5,502.5,489.5,499.5
06-21-96,485,493.5,485,491.25
06-20-96,492.75,493,484,487.5
06-19-96,502.5,502.5,492.5,493.5
06-18-96,490,507,489,502.5
06-17-96,497,505,491,492
06-14-96,505,506,495,496
06-13-96,495,507,488,504.75
06-12-96,507,509,492,494.5
06-11-96,521.25,524.5,499.5,509
06-10-96,505.5,521.5,505.25,519.5
06-07-96,497.25,504.5,495,502.25
06-06-96,488,506,485,494.25
06-05-96,500,501,486,488.75
06-04-96,522,527,501,501
06-03-96,524.5,524.5,508.75,521
05-31-96,530,530,520,528.75
05-30-96,522,530,518.5,526.25
05-29-96,541.5,547,526,526
05-28-96,563,565.5,541,546
05-24-96,559.5,563,557,561
05-23-96,563,566,555.5,559.5
05-22-96,576,584,558,562.75
05-21-96,625,659,595,596
05-20-96,626,666,610,625
05-17-96,678,684,676,676
05-16-96,673,675,663,670
05-15-96,670,675,658,670
05-14-96,650,668,650,668
05-13-96,655,662,650,654
05-10-96,655,655,638,647
05-09-96,666,667,645,657.25
05-08-96,659.75,665,645,663
05-07-96,630,650,628,649
05-06-96,633.5,633.5,618,627
05-03-96,620,646,620,622.5
05-02-96,677,690,617,620
05-01-96,655,678,652,676
04-30-96,652,664.5,630,641.5
04-29-96,715,717,648,651.5
04-26-96,711.5,716.5,692,716.5
04-25-96,682,696.5,680,696.5
04-24-96,657,680,625,676.5
04-23-96,635,654,635,653.5
04-22-96,612,628,612,628
04-19-96,603,615,595,608
04-18-96,571,601,571,600.5
04-17-96,561.5,572,553,571
04-16-96,585.75,591,566.75,566.75
04-15-96,583,598,574,586.75
04-12-96,565,585,549,582.5
04-11-96,551,579.75,551,563.5
04-10-96,529.5,549.75,527.5,549.75
04-09-96,525,534.75,525,529.75
04-08-96,521.5,535,520.5,525.25
04-04-96,520.25,529,518,522.5
04-03-96,512,524,508,523
04-02-96,512,521.5,510,512
04-01-96,499,517,496,511.5
03-29-96,497.5,503,491,499.25
03-28-96,498,499,495.25,497.5
03-27-96,501,502,494,500.75
03-26-96,497,506,495,503
03-25-96,482,491,480,490.75
03-22-96,480,485,479.5,481.75
03-21-96,481,482.5,474.5,480.75
03-20-96,507,750,506.5,640
03-19-96,503,507,498,507
03-18-96,497,503,497,502
03-15-96,503,504,495,497
03-14-96,518,522,506,507
03-13-96,508,516,508,515.5
03-12-96,513.25,516,506,509
03-11-96,516,518.25,514,516.25
03-08-96,514,517,509.5,516.5
03-07-96,505.5,514,505.5,513.25
03-06-96,508,514,501,503.25
03-05-96,513,518.5,505,509.25
03-04-96,511,513,506,512.5
03-01-96,512.25,517.5,510,515.5
02-29-96,509.5,513,505,512.5
02-28-96,507.5,512,503,508
02-27-96,506,513,505,508.5
02-26-96,505,508,504,506.25
02-23-96,501,505.5,499,502.75
02-22-96,505.5,507,495,495.5
02-21-96,514,517.5,510,510.5
02-20-96,520.5,520.5,509,513
02-16-96,524.5,527.5,519,523.25
02-15-96,526,530,523.5,526
02-14-96,517.5,533,517.5,528
02-13-96,512.5,516,508.5,515.25
02-12-96,514.5,517.5,511,511.75
02-09-96,513.5,517.75,512.5,513.25
02-08-96,512,512.5,506.5,510
02-07-96,522,523,513,513.5
02-06-96,518,524,517.5,522.5
02-05-96,524,524,514,517.75
02-02-96,518.5,527,516,526.5
02-01-96,518,524,515,517.5
01-31-96,527.5,527.5,513,519.5
01-30-96,522,527.5,515,526.25
01-29-96,511,521.5,507.5,520.5
01-26-96,493,507,493,506.75
01-25-96,490.5,491.75,486.5,490.75
01-24-96,490.5,495.5,488.5,491.75
01-23-96,479.5,493,479.5,492.25
01-22-96,488,488,480.5,482.25
01-19-96,485,488,483,487.25
01-18-96,481.25,484,478.25,483
01-17-96,481.5,482.5,473,479
01-16-96,494.75,495.5,478,480
01-15-96,497.5,499,493.5,496
01-12-96,488.5,499.5,488.5,498.5
01-11-96,493.5,494.5,488.25,489
01-10-96,495,500,494.25,495
01-09-96,484,497.5,484,495.75
01-08-96,489,490,483,483.5
01-05-96,500,501,492,493.5
01-04-96,508.5,509.5,496,500.25
01-03-96,506,509.5,501.5,508.25
01-02-96,512,517,508,508.5
12-29-95,513,514.5,510,512.25
12-28-95,504.5,511.5,504,509.5
12-27-95,504.5,506,501.25,503.5
12-26-95,499,506.25,498,503.5
12-22-95,499,502.5,497.75,501
12-21-95,493,501,493,499
12-20-95,506.5,507,501,501.5
12-19-95,517,517,510,510.75
12-18-95,508.5,516,508,515.75
12-15-95,506,509,505,506.5
12-14-95,515.5,515.5,506,507.75
12-13-95,512,518.5,511,515.75
12-12-95,518.5,518.5,510,514
12-11-95,520,525,518,518.5
12-08-95,517,519,515,517.5
12-07-95,519,522,514,516
12-06-95,505.5,508.5,503,507.75
12-05-95,493.5,504.5,492.25,504
12-04-95,501.5,502.5,494,494.5
12-01-95,501,505.25,497.5,500.5
11-30-95,503.5,505.5,500,501.5
11-29-95,492.5,502,492.25,501
11-28-95,495.5,497,491.5,493
11-27-95,502.5,504.5,495,495.5
11-24-95,498.5,502.5,498.25,501.25
11-22-95,494,498.5,494,498.25
11-21-95,496.5,498,488,495
11-20-95,494,498.5,492.5,496
11-17-95,491.5,494.75,488.75,492.5
11-16-95,485,492,481,491.25
11-15-95,490.5,491,483.5,484.25
11-14-95,489,491,483.5,490.5
11-13-95,496.5,496.5,488,490
11-10-95,483,498,483,497
11-09-95,494.75,494.75,484,485.25
11-08-95,491,493.75,490,493
11-07-95,491,493,488.5,492
11-06-95,484,491,484,490.75
11-03-95,485.5,487.25,480,484
11-02-95,500,502.5,485,487
11-01-95,498.5,499,492.5,498.5
10-31-95,496,499,493.5,497.75
10-30-95,497,499,493,496.5
10-27-95,499,501.5,495.5,499.75
10-26-95,501.5,503,499.5,501.25
10-25-95,492,499.5,491,498.75
10-24-95,502.5,502.5,491,493
10-23-95,510.5,510.5,502,503
10-20-95,507.5,511.5,503.5,508.75
10-19-95,502.5,508.5,499.5,507.5
10-18-95,492,501,490.5,499.75
10-17-95,496.5,498.5,491,491.5
10-16-95,488.5,498,488.5,497.5
10-13-95,479,488.5,479,485.75
10-12-95,477,483,476.5,479.75
10-11-95,489,490,480,480.5
10-10-95,483,486,481.75,483.75
10-09-95,472.5,482.5,472.5,481.75
10-06-95,481.5,482.5,474,475
10-05-95,484.5,486.5,475.5,479
10-04-95,484.5,486,481.5,485.5
10-03-95,489,489.75,486,486.5
10-02-95,492.5,494,485.5,491.5
09-29-95,489,493,487,492.25
09-28-95,484,485,481,484.25
09-27-95,478,484,472.5,480.5
09-26-95,479.5,481.5,476.25,478.5
09-25-95,485,486,475,479.75
09-22-95,488,488,481,483
09-21-95,489.5,496.75,488,491
09-20-95,478,481,473.5,473.75
09-19-95,470,475,466.25,475
09-18-95,475,475,467,473
09-15-95,465,469,461,463
09-14-95,457,466,457,461.5
09-13-95,464,464,457.5,460.5
09-12-95,461,472,458.5,466.75
09-11-95,459,459,454,458.25
09-08-95,468,471,461,462
09-07-95,459,470,458.25,470
09-06-95,453,457.5,451.5,455.5
09-05-95,449,456.5,448.5,452.25
09-01-95,450,452.5,444,447.25
08-31-95,434,450,434,449.25
08-30-95,430,436,430,432.5
08-29-95,441,442,433,434
08-28-95,442,449,440,440.75
08-25-95,438.5,444.25,438,440.75
08-24-95,439.5,445,438,441
08-23-95,434,438.5,433,438.25
08-22-95,433,438,429,435.25
08-21-95,430,441,429.5,434
08-18-95,424.5,429.5,422.5,428.5
08-17-95,420,425,419.5,423.5
08-16-95,434.5,438,423,423.75
08-15-95,435,435,427,432.5
08-14-95,442,446.5,435.5,437.5
08-11-95,420,443.5,419,439
08-10-95,432,433,424,429.75
08-09-95,438.5,439,433.5,434.25
08-08-95,428,441.5,425,438.5
08-07-95,431.5,431.5,414.5,422.25
08-04-95,442,442.5,433.5,434.5
08-03-95,430,443,430,441
08-02-95,461,461,442.25,442.25
08-01-95,463.5,467,460,462.25
07-31-95,452,468,448,464.25
07-28-95,457,462.5,455.5,459
07-27-95,463,463,454,457.5
07-26-95,457,461,454,460.5
07-25-95,478,480.5,460,461.25
07-24-95,475.5,479,472,478
07-21-95,471,478.5,469,477.75
07-20-95,455.5,464,455.5,461
07-19-95,446,456.5,445.5,452.25
07-18-95,460,461,452,453.5
07-17-95,457,467,450,460.5
07-14-95,434,446.5,434,441
07-13-95,426,435,425.5,431.75
07-12-95,427,434,425,425.25
07-11-95,415,426,413.5,424
07-10-95,420,425,413.5,414.25
07-07-95,430.5,432.5,420,420.5
07-06-95,422,435.5,421,431.75
07-05-95,433.5,433.5,422,423.25
07-03-95,445,445,433.5,434.25
06-30-95,451,451,439,446
06-29-95,442,452,437,447.5
06-28-95,420,439,419,438.75
06-27-95,423.5,424,413.5,419
06-26-95,420,441,416,423.5
06-23-95,411.5,426,408,423
06-22-95,398,416,396,410.25
06-21-95,388,398.5,386,397.75
06-20-95,391,392,386,389.5
06-19-95,384,395,384,392.5
06-16-95,378,382.75,378,380.5
06-15-95,386.5,392,383,384.5
06-14-95,379.5,389.5,379,386.75
06-13-95,370,379.5,369.25,379
06-12-95,373,374,368,371.75
06-09-95,379,381,370,375.25
06-08-95,377,379,374.5,378.75
06-07-95,380.5,382,372.5,373.5
06-06-95,384,387.5,377,382
06-05-95,385,390,384.25,385.75
06-02-95,385.5,390,383.75,386
06-01-95,375.5,383.5,375.5,382.25
05-31-95,374.25,375.25,370,373.25
05-30-95,380,382.5,373,373.5
05-26-95,377.5,387.5,377.5,385.5
05-25-95,373.5,379.5,370.5,377.5
05-24-95,373,376,371.75,374.5
05-23-95,369,381,369,374.75
05-22-95,361,368.5,361,366
05-19-95,378,379,370,379
05-18-95,363,369,360.5,369
05-17-95,368,368,361,363
05-16-95,364,366,361,364.5
05-15-95,371.5,371.5,365,365
05-12-95,365,372,362.5,371.5
05-11-95,367.5,369,365,366.75
05-10-95,361.5,364.5,359,364.5
05-09-95,363.5,364.5,360,362.5
05-08-95,355.5,363,355.5,357.5
05-05-95,354,354.5,351,352.5
05-04-95,358.5,360,356,356.75
05-03-95,356,359,355,358.5
05-02-95,358,358.5,354.25,357.5
05-01-95,352,358,352,356.25
04-28-95,348,352,346.25,350.5
04-27-95,352,355,348,348.75
04-26-95,353,356.75,352.75,353.75
04-25-95,353.5,357.5,352.5,354
04-24-95,349,352.75,346,352
04-21-95,352,352.5,349,350.75
04-20-95,349,352.75,349,351.75
04-19-95,353.5,356,348.5,350.5
04-18-95,352,354.5,351.5,353
04-17-95,355,355,349,350.5
04-13-95,352.5,355,350.5,353.5
04-12-95,355,358.75,353.5,354.5
04-11-95,353,359,352.5,358.5
04-10-95,344.5,350.5,343.5,349.5
04-07-95,349,351.5,345,345.25
04-06-95,354,354,349.25,349.75
04-05-95,347.5,354.5,347,352.75
04-04-95,346.25,349,343.5,348.5
04-03-95,341,347,340.5,345.75
03-31-95,349,349.5,342,343.25
03-30-95,347,347,344,345.75
03-29-95,348,349.5,346,347.5
03-28-95,348,349.75,346,348
03-27-95,350,350,344,349.5
03-24-95,351.75,353,349,351.25
03-23-95,360.5,360.5,352.5,353
03-22-95,352.5,357,345.5,357
03-21-95,358,359,352,353
03-20-95,351.5,359,351.5,358
03-17-95,345,351.5,345,350
03-16-95,351.25,351,343.5,345.25
03-15-95,350,353,348,351
03-14-95,344.5,347.25,344,346.5
03-13-95,344.75,345.5,339.5,343.75
03-10-95,348,351.5,344,345
03-09-95,357,357,349.5,352.25
03-08-95,367,367,357.75,359.75
03-07-95,358,368,356.75,367.25
03-06-95,353,358.75,353,357.75
03-03-95,351,355,350,350.5
03-02-95,353.5,354.75,349,350.75
03-01-95,349.75,357.5,349.25,353.5
02-28-95,357.5,358,349,349.75
02-27-95,362.5,364.5,355,355.5
02-24-95,361.5,364.75,360.75,361.75
02-23-95,361,364.25,360,361.5
02-22-95,359.5,363,358.75,360.75
02-21-95,366,366,360,360.5
02-17-95,367,368,365,366.75
02-16-95,366.5,367.75,363.5,366.75
02-15-95,370.75,371,365,366.25
02-14-95,371.75,374,369.5,371.25
02-13-95,375,376.5,370.25,371.75
02-10-95,369.25,378,369.25,376.5
02-09-95,367,370.5,365.75,369.5
02-08-95,373.5,374.75,368,368.5
02-07-95,370,374,369.75,373.25
02-06-95,372.5,374.75,369,369.75
02-03-95,376.5,377.25,370.5,372.25
02-02-95,369,377,367.5,376.75
02-01-95,373.5,376,370.25,370.5
01-31-95,368.25,374,368.25,373.5
01-30-95,364,369,363.25,368.5
01-27-95,366.5,367.5,363.5,365.5
01-26-95,371.5,374,365,365.75
01-25-95,373,374.5,370.75,372
01-24-95,375.5,376.75,373,373.5
01-23-95,370.5,375,370,374.75
01-20-95,373,375.75,370,371.25
01-19-95,377,377,369.5,370.25
01-18-95,385,386,379.25,379.75
01-17-95,383.5,386,380,384.25
01-16-95,379,382,375.25,381.75
01-13-95,383.5,384.5,377,379.75
01-12-95,391,393,381,383.5
01-11-95,386,387,384,385.75
01-10-95,384.25,388,383.25,385.75
01-09-95,395,397.5,383,383.25
01-06-95,396,396,392,394.5
01-05-95,398.5,399.5,395.75,396.25
01-04-95,394.5,399.75,392.5,398
01-03-95,400.5,402.75,395,395.5
12-30-94,404.5,406,400,401.5
12-29-94,406,406,402,403
12-28-94,407.5,409.5,405.75,407
12-27-94,406.5,409.75,405.75,408.25
12-23-94,401,405,401,404.75
12-22-94,397,400,396,399.75
12-21-94,399,402.25,397,397.75
12-20-94,382.625,384,380.625,384
12-19-94,382,385,381,383.1875
12-16-94,371,379.625,371,379.625
12-15-94,368.625,372.8125,368.625,372
12-14-94,372,372.1875,366.1875,367.8125
12-13-94,378.8125,378.8125,372,372.625
12-12-94,378.625,380,377.1875,379.625
12-09-94,379.625,380,377.8125,379.1875
12-08-94,375,381,375,379
12-07-94,372,378,371.625,375.8125
12-06-94,373,374.1875,371,372.625
12-05-94,380,380,374.8125,376
12-02-94,380,380.625,376.1875,379.1875
12-01-94,372,375.625,370.1875,374.8125
11-30-94,362.625,373.625,359.625,372.1875
11-29-94,368,369,364,364.625
11-28-94,366,369,366,367.8125
11-25-94,365,367.625,363.1875,365.625
11-23-94,366,368,362.625,364.1875
11-22-94,372.625,373,365.625,366.8125
11-21-94,377.8125,378.625,373.625,374.1875
11-18-94,376.625,378.8125,375.8125,377.625
11-17-94,373.8125,376,372.625,375.1875
11-16-94,377,377.8125,372,373.8125
11-15-94,380,383,378,378.1875
11-14-94,376.625,381,376.625,380.8125
11-11-94,378,378.8125,375.1875,377
11-10-94,379,382,378.1875,378.8125
11-09-94,385.625,386,378.1875,380.1875
11-08-94,390.625,392.1875,386.1875,386.8125
11-07-94,388.625,391.625,385.625,390.8125
11-04-94,387.625,391.625,387,389.625
11-03-94,391,393,387,387.8125
11-02-94,387,393,386.625,392.1875
11-01-94,384.625,387.625,383.625,386.625
10-31-94,390,391.625,384,384.625
10-28-94,392,394.625,389,391.625
10-27-94,399.625,401,393.625,394.1875
10-26-94,398.625,404.625,397.1875,401
10-25-94,404,405.625,398,400
10-24-94,395.625,406,392.1875,404
10-21-94,399,399.8125,396,397.1875
10-20-94,398.625,402,395,399.625
10-19-94,393.625,398.625,391,397.625
10-18-94,402,402,392,394.8125
10-17-94,409.625,411.1875,403.625,404
10-14-94,402,409,398.625,408.625
10-13-94,405.625,406,400.8125,403.625
10-12-94,415.625,418.8125,407,408
10-11-94,413.625,418,412.8125,416.1875
10-10-94,414.625,414.625,409.1875,413
10-07-94,409,413.1875,409,412.1875
10-06-94,406,407.8125,404,407.625
10-05-94,408,413.8125,406,407.625
10-04-94,407.625,409.625,404,408.8125
10-03-94,402.625,410.8125,402,408.625
09-30-94,395,405,395,403.625
09-29-94,387.625,389.625,385,388.625
09-28-94,390.625,390.625,385.625,388.8125
09-27-94,396.1875,396.1875,390.1875,391.1875
09-26-94,398.625,399.625,394,396.8125
09-23-94,394,397,392.8125,396.8125
09-22-94,392,393.625,387.8125,393.1875
09-21-94,383.625,385.625,382,384
09-20-94,378.8125,382.8125,378,382.8125
09-19-94,376.625,380,375,377.625
09-16-94,369,377,369,377
09-15-94,376,376,370,370.625
09-14-94,380,380,377.625,379
09-13-94,379.625,383.1875,379.625,381
09-12-94,376,382,375.625,380
09-09-94,369.625,376.625,367.625,376
09-08-94,376,376,369.625,370
09-07-94,372,377.8125,371.625,376
09-06-94,366.625,372,365.625,370
09-02-94,365.625,368.8125,365,367.8125
09-01-94,363.1875,369.625,361.625,366
08-31-94,359,364.1875,359,363.625
08-30-94,356.625,359.625,355.1875,359.1875
08-29-94,357,358.625,355.625,357.1875
08-26-94,354.625,361.1875,354.625,359
08-25-94,347,356,346.625,355.1875
08-24-94,344,348.1875,343.1875,347
08-23-94,351.625,351.8125,346,347
08-22-94,352.625,353.625,351,352.1875
08-19-94,347.625,354,347,353.625
08-18-94,347.625,349.625,345,348.625
08-17-94,348,349.625,347,349.1875
08-16-94,347,352.625,345.8125,350.1875
08-15-94,340.8125,347,340,346.625
08-12-94,336.625,342.625,336.625,341.8125
08-11-94,333.625,339.1875,333.1875,336
08-10-94,329.625,334,329.1875,333.1875
08-09-94,334,334.625,330.1875,331
08-08-94,333.625,336.625,333,334.625
08-05-94,331.8125,335.1875,331.1875,334.625
08-04-94,333,333.625,330.1875,332.1875
08-03-94,334.625,337.1875,333,334
08-02-94,331,336.1875,331,335.8125
08-01-94,329.625,330.8125,327.625,330.625
07-29-94,331.625,331.625,329,330.625
07-28-94,331.625,334.625,330,331.625
07-27-94,333,336,329.625,332
07-26-94,328,334,326,333
07-25-94,322.625,328.1875,322.625,327.625
07-22-94,326,327,320,322.8125
07-21-94,328,328,324,324.8125
07-20-94,323,324,321.625,323.1875
07-19-94,321,323,319,322.8125
07-18-94,314,321,314,321
07-15-94,313,313,311.625,313
07-14-94,315,315,312,312
07-13-94,316,316,313.8125,315
07-12-94,310.625,316,309,314.1875
07-11-94,316,316.625,313,313.8125
07-08-94,308.625,314.625,308.625,314
07-07-94,304.625,307.625,304,306.8125
07-06-94,308.1875,310,304.625,305.1875
07-05-94,309,310.625,303.625,307.1875
07-01-94,311.625,313.625,311,311.8125
06-30-94,314,318,312.625,312.8125
06-29-94,316.625,318.625,315,315.625
06-28-94,315,323,315,319.1875
06-27-94,314,314.8125,309.625,313.1875
06-24-94,316,316.8125,314,315
06-23-94,318.8125,320.625,316,316.625
06-22-94,325,325.8125,319,319.625
06-21-94,322,325,318.625,324.625
06-20-94,331,333,321.1875,322
06-17-94,335.625,337.8125,334,335.1875
06-16-94,342.625,343,332,335.1875
06-15-94,342,344,338.625,340.625
06-14-94,342,342,336.625,337.625
06-13-94,337,345,336.1875,341.1875
06-10-94,336.625,341,336.625,338.8125
06-09-94,336,339.625,333.625,335.8125
06-08-94,336.625,342,335.1875,339
06-07-94,333.625,337,330,335.1875
06-06-94,328.625,332,325,331.8125
06-03-94,329.625,331.8125,325.8125,330.8125
06-02-94,326,332,325,331
06-01-94,324,332.625,323.1875,329
05-31-94,327,336,321.625,327.625
05-27-94,321.625,324,317,318
05-26-94,329.625,330,319.1875,321.8125
05-25-94,328.625,334,326,330.8125
05-24-94,330,335,329,329.8125
05-23-94,330,338.625,330,336.8125
05-20-94,321.625,327,319,326.8125
05-19-94,324,324,316,319
05-18-94,322,327,322,324
05-17-94,318.625,322,317,321.625
05-16-94,319,320,315.1875,320
05-13-94,316.8125,317,315,315
05-12-94,316,320,316,318
05-11-94,316.625,320,316.625,318.625
05-10-94,320,320,315.625,316.625
05-09-94,321.625,321.625,319.625,319.8125
05-06-94,323,328,320,323
05-05-94,335.625,335.625,326,326.1875
05-04-94,328.625,334.625,322.625,333.1875
05-03-94,331.625,333.1875,328.625,330
05-02-94,327.625,333,327.625,332
04-29-94,321.625,328,320.625,326.625
04-28-94,324,325,320,321.625
04-26-94,319,320.8125,318.8125,320.625
04-25-94,314.625,319,313,318.625
04-22-94,316,317.1875,314.1875,314.8125
04-21-94,317.625,318.625,314.8125,315.625
04-20-94,319.8125,320.625,316.1875,317.8125
04-19-94,327,327,318.625,319.8125
04-18-94,328,332,326.8125,328
04-15-94,328,330,326.625,329.1875
04-14-94,329.625,330.625,325.8125,327
04-13-94,334,336,330.625,331
04-12-94,333.625,335,331.625,331.8125
04-11-94,338.625,338.625,328,331.1875
04-08-94,341,343.8125,339.8125,340.8125
04-07-94,346,351,344,344.8125
04-06-94,338.1875,347,337.625,346.1875
04-05-94,336.625,339.625,335.1875,337.8125
04-04-94,332.625,338,330,336.1875
03-31-94,332,334,327,329.8125
03-30-94,330,333.625,329.625,332.8125
03-29-94,334,335.1875,330,330.8125
03-28-94,332,336.625,332,333.8125
03-25-94,333,333,329.1875,330.8125
03-24-94,333.1875,334.8125,332,333.1875
03-23-94,329.625,333.625,328.8125,333.1875
03-22-94,331,331.625,325.625,325.625
03-21-94,335,336,332,332.1875
03-18-94,336,338,335.625,336
03-17-94,337.625,339.625,337,337.625
03-16-94,333,336.625,333,336.1875
03-15-94,331.625,333,329.625,331.8125
03-14-94,333,333.625,329.625,330.8125
03-11-94,331.1875,334.8125,331.1875,332.1875
03-10-94,333,335,330,332
03-09-94,336,336.625,330,330.1875
03-08-94,342,342,337.625,338
03-07-94,340.625,344.625,340.625,342.1875
03-04-94,340.625,341.625,338.625,340.625
03-03-94,343,344,337.8125,339.1875
03-02-94,342,344.1875,342,342
03-01-94,342.625,346,340,340.8125
02-28-94,348,348,340,342.625
02-25-94,350.625,355,348.625,350
02-24-94,358,358,351,351.1875
02-23-94,358,359.1875,354,355.8125
02-22-94,365.1875,365.8125,358,358.1875
02-18-94,367.625,367.625,363,364.8125
02-17-94,368.625,370,366.1875,367.8125
02-16-94,369.625,371.625,365.8125,368.1875
02-15-94,376,376,369.625,371
02-14-94,376.625,378.625,375,377
02-11-94,374,377.625,371.625,375.625
02-10-94,376.625,377.1875,372.8125,373.625
02-09-94,367,376,366.8125,375.8125
02-08-94,370,372,367,369.1875
02-07-94,372.1875,374.625,369.625,371.1875
02-04-94,371,373,368.1875,372.1875
02-03-94,375,376.625,371,371.1875
02-02-94,370.1875,375.625,366.1875,374.8125
02-01-94,371,372,367.625,370.1875
01-31-94,365.625,372.1875,365,371.8125
01-28-94,366.625,367.625,361,364.1875
01-27-94,371.8125,372,368,368.1875
01-26-94,375.625,377.1875,372.625,372.8125
01-25-94,380.625,380.625,374,377
01-24-94,374,379.8125,373,379
01-21-94,372,379.625,371.625,376
01-20-94,371.625,376,365,372
01-19-94,374,378,371.625,373.8125
01-18-94,383,383.625,375,375.8125
01-17-94,386.625,387,384,384.1875
01-14-94,390.625,390.625,386.625,388
01-13-94,391.625,394.625,388.625,392
01-12-94,385.625,391,385.1875,387.8125
01-11-94,388,388,382.625,385.8125
01-10-94,390,391.625,387.1875,390.8125
01-07-94,389,392,387.8125,391.625
01-06-94,387,393.8125,386.625,390.8125
01-05-94,382,386.625,380,385.625
01-04-94,370,383,370,380.8125
01-03-94,377,377,368,372.8125
12-30-93,378,379.1875,377,378.1875
12-29-93,375,379.8125,374.8125,378.8125
12-28-93,372,374.625,371.625,374.1875
12-27-93,372.1875,373.8125,370.625,372
12-23-93,371.1875,372.8125,370.8125,372.8125
12-22-93,373.1875,374.8125,371.1875,372.8125
12-21-93,371,374.1875,369.8125,373.1875
12-20-93,371.5,373,366,369
12-17-93,372.5,373.5,369.5,371.5
12-16-93,367.5,371.5,367,371.5
12-15-93,366.75,369,365.5,366.75
12-14-93,364,368.75,363.5,368.25
12-13-93,364,365.25,361.5,363.75
12-10-93,362,364.75,360,364.75
12-09-93,362,362,358,360.25
12-08-93,369,369.5,363.25,363.75
12-07-93,366.5,369.5,361.25,367
12-06-93,364,369.25,363,367
12-03-93,357,364.5,356.5,364
12-02-93,351.5,358,348,357.75
12-01-93,339,353.5,348,351.25
11-30-93,351.5,351.5,345.75,348.25
11-29-93,358,358.5,351,352.75
11-26-93,356,358.75,355,357.75
11-24-93,355,359.25,354,356.25
11-23-93,356,356.5,354,355
11-22-93,356.5,357.5,351.5,356.5
11-19-93,351.75,358.75,350.25,357.75
11-18-93,353.5,355,350,352.25
11-17-93,348.5,355.25,347.5,354
11-16-93,345.75,350,345.25,348.75
11-15-93,344.75,346.5,343,345.5
11-12-93,338,346,338,343.5
11-11-93,343.5,346.5,339.5,339.75
11-10-93,344,351,342,345.25
11-09-93,333.5,339.5,332.5,335.75
11-08-93,337.25,337.25,331.75,333
11-05-93,341,343,335.5,336.75
11-04-93,333,343.5,333,343
11-03-93,332.5,335.75,332.25,333.5
11-02-93,334,335,330.75,333.25
11-01-93,335.5,339,332,332.5
10-29-93,326,336,324.5,335.5
10-28-93,330.5,330.5,326,326.5
10-27-93,332,334.5,330.75,331
10-26-93,334.5,336,330.5,331
10-25-93,334,338,332.5,336.25
10-22-93,339,339,334.75,335.5
10-21-93,334.5,340,331.5,339.25
10-20-93,332,333.5,329.25,333.25
10-19-93,329.5,331,326.75,330.25
10-18-93,324.5,329,323.75,328
10-15-93,322.75,325,320,324.75
10-14-93,324.5,330,322.5,324.25
10-13-93,327.5,327.5,323.25,325
10-12-93,322.25,327,321,326.75
10-11-93,323.5,323.5,322,322
10-08-93,321.5,323,321,322
10-07-93,317.5,324.75,317.75,322.5
10-06-93,316,317.75,315,317.25
10-05-93,313.25,317,312.75,314.25
10-04-93,314,315.5,312.5,312.75
10-01-93,318.5,319,315.5,316.25
09-30-93,318.5,321.25,318.25,318.75
09-29-93,316,318,313.25,317.5
09-28-93,314,315.5,311.75,315
09-27-93,315.5,318,312.5,313.75
09-24-93,311.5,317,309.75,316
09-23-93,313,313.25,310.75,311.5
09-22-93,311,312.25,309.5,310.25
09-21-93,303.5,304,303,303
09-20-93,303.5,303.5,301.5,301.5
09-17-93,302.5,305.75,301,303.75
09-16-93,299,302.25,298,300.25
09-15-93,293,299,293,298.75
09-14-93,294,294.5,293.5,294.25
09-13-93,295,298.5,294,295.25
09-10-93,299.5,299.5,294.5,295.5
09-09-93,303.5,303.75,299.25,299.75
09-08-93,301,305,301,303.5
09-07-93,303,305,300.5,300.5
09-03-93,304,304,301.5,301.75
09-02-93,305.5,307,304,304.25
09-01-93,308.5,313,306.75,307
08-31-93,305.25,309,303,308.75
08-30-93,302,306,301.25,305.25
08-27-93,300.5,303.5,299,301.25
08-26-93,303,304.75,298,299.75
08-25-93,308,310,305,305.25
08-24-93,310,312.75,307.5,309.25
08-23-93,311.25,313,309.5,309.75
08-20-93,312.5,314,309.5,310.5
08-19-93,310.5,314.75,310.5,312.5
08-18-93,316.5,316.75,309.5,310.5
08-17-93,312,316,312,315
08-16-93,306.5,315.5,305,311.25
08-13-93,304.5,308.75,303.75,307
08-12-93,315.5,315.5,304.5,305
08-11-93,310.75,317,310,313.5
08-10-93,310.5,312.75,309.5,310.75
08-09-93,309.5,313,309.5,310.25
08-06-93,305,312,305,309
08-05-93,310,312,306,306.5
08-04-93,313,313.5,309,310.5
08-03-93,307,313,306.5,311.5
08-02-93,303.5,310,303,307.75
07-30-93,307,309.75,303.5,304
07-29-93,314,315,307,308.5
07-28-93,330.5,321.5,315.5,315.75
07-27-93,318.5,325,318.5,321.5
07-26-93,311,317,308.5,316.5
07-23-93,312,318,311.5,314
07-22-93,309.5,312.5,308.75,311.75
07-21-93,305,309,302,303
07-20-93,300,304,298.5,302
07-19-93,298,302,295,299
07-16-93,289,293,289,291.25
07-15-93,295,298,288,288
07-14-93,283.5,289.5,283.5,288.25
07-13-93,287.25,290,284,284.5
07-12-93,294,297,287,293.5
07-09-93,306,308,295.5,296.25
07-08-93,307,309,302,302.25
07-07-93,315,315,304,305.5
07-06-93,309,322,309,313
07-02-93,297,313,296.5,302.25
07-01-93,284.5,294,284,292.25
06-30-93,282,288,280.5,285
06-29-93,282.5,283.5,279,279.25
06-28-93,283,285.75,280.75,281.25
06-25-93,286.75,286.75,282,282.75
06-24-93,288.5,290.5,286,287
06-23-93,285.5,291,284.5,289
06-22-93,278.5,285,278,283.25
06-21-93,279,290,279,280
06-18-93,277.5,279.5,277.25,278.5
06-17-93,279.25,280.5,277,277.5
06-16-93,289.5,281.25,278,278.5
06-15-93,286.5,287,280.25,281
06-14-93,282.75,286.5,282.75,285.75
06-11-93,284,285.25,283.5,283.75
06-10-93,285.25,286.5,283.25,283.5
06-09-93,283.25,287.25,282.5,285.5
06-08-93,288,288.75,284.5,284.75
06-07-93,285.75,287,285.25,286.75
06-04-93,284.75,285.75,283.25,285.25
06-03-93,284.5,287.25,284.5,285.25
06-02-93,283.5,285,282.5,284.5
06-01-93,287.5,287.75,282,282.75
05-28-93,288,289.5,287,288.25
05-27-93,289.75,289.75,287,288.5
05-26-93,288,290,287.25,289
05-25-93,293,293.5,288.5,288.75
05-24-93,298.25,298.25,292.5,293.5
05-21-93,296.75,299,296,297.75
05-20-93,298,299.75,295.5,297.75
05-19-93,366,368,340,351
05-18-93,359.5,365.5,359.5,364.75
05-17-93,355,360,355,358.5
05-14-93,355,358,353.5,354.75
05-13-93,368,370,355,355
05-12-93,357,363.5,356.75,363
05-11-93,349,354,348,353.75
05-10-93,346,350,346,348
05-07-93,348,348.75,345,347
05-06-93,353,353,348,348
05-05-93,350.5,354,348.5,349.5
05-04-93,347,351.5,345,350.5
05-03-93,349,349.75,347,347.5
04-30-93,344.5,350.5,343.75,348
04-29-93,348,348.5,342.25,343.75
04-28-93,347.5,351.5,347.25,350.75
04-27-93,352,352,346,347.5
04-26-93,351,353,345.5,352.25
04-23-93,360,360,350.5,352.25
04-22-93,364,364,357,360.75
04-21-93,358,363,356,362.75
04-20-93,361.75,361.75,357.5,358.75
04-19-93,362,362,359.5,361.25
04-16-93,355.5,361,355.5,360
04-15-93,351,357,350,355.5
04-14-93,351.5,352,349.5,349.75
04-13-93,352,353,349.5,351.25
04-12-93,349.5,351.75,348.25,350.5
04-08-93,345.5,349.75,345.5,348.5
04-07-93,344,346.25,342,344.5
04-06-93,348,348,343.25,343.5
04-05-93,355.5,355.5,350,350.5
04-02-93,351.75,355.5,351.25,355
04-01-93,350,352.25,347,350.25
03-31-93,347.5,349.5,343.5,347.25
03-30-93,343,347.75,343,346.75
03-29-93,344.5,344.75,340.5,341.75
03-26-93,349,349.75,341.5,342.5
03-25-93,348.5,352.5,347,349.25
03-24-93,340.5,348,340.5,347.5
03-23-93,340.5,346.5,338,340
03-22-93,406,415,406,413.5
03-19-93,397,406,396.5,406
03-18-93,393.75,396,390.5,396
03-17-93,385,394,385,392.5
03-16-93,377,381,376,380.75
03-15-93,369,373.75,368.5,373.5
03-12-93,365,368.75,364.25,365.5
03-11-93,364.5,366.5,361.5,366.25
03-10-93,366.25,367,364,365
03-09-93,371.5,372,366,367
03-08-93,368,374.5,368,370.75
03-05-93,378.75,379,366,368.25
03-04-93,375.5,379,375,377.25
03-03-93,371,376,370,376
03-02-93,374,377,373,376.5
03-01-93,373,374,369,373
02-26-93,370,372.5,369.5,372.25
02-25-93,373,374.75,367.5,370.25
02-24-93,374.25,378.75,373.5,374.5
02-23-93,370.5,375.5,370.25,374.25
02-22-93,366.75,369.75,366.75,369
02-19-93,365,369.25,364,366.75
02-18-93,370.5,371.75,365,365.25
02-17-93,362,370,361.5,368.75
02-16-93,363.5,363.5,358.25,361.5
02-12-93,364.25,366.5,363.25,364.75
02-11-93,366,371,364.75,367.5
02-10-93,368,369.25,364.25,368
02-09-93,362.5,368.25,362,367
02-08-93,362,362,356.25,360.5
02-05-93,366.5,368.25,361,361.25
02-04-93,375.5,375.5,367,367.25
02-03-93,371.75,375.5,369.75,375.25
02-02-93,380,380.5,370,373.25
02-01-93,379.5,380.25,375,379.25
01-29-93,375.5,380.5,375,380
01-28-93,381,382,374.5,375.5
01-27-93,387,381.5,377,380.25
01-26-93,382.5,382.5,377,378.5
01-25-93,387,387,381.5,383.5
01-22-93,388,390.25,386.75,387.5
01-21-93,389,391.75,386.75,388.25
01-20-93,393,393,388,390.5
01-19-93,383,393,382.5,392.5
01-18-93,380.5,382,377.5,381.5
01-15-93,379,380.5,376.25,380.25
01-14-93,376.5,380.5,376.5,379.25
01-13-93,372,375.75,371.5,375.25
01-12-93,369,369,366.5,368.75
01-11-93,369.5,372.75,369,369.5
01-08-93,370.5,371.75,367.5,371
01-07-93,365,371.25,363.75,369.5
01-06-93,360,363.5,359,363.25
01-05-93,360.75,365.5,360,361.5
01-04-93,354,362,353,361.25
12-31-92,352.5,354,352.5,353.75
12-30-92,349.75,352.75,349.5,351.5
12-29-92,351.5,352.25,348.75,349.25
12-28-92,358.5,359,353,353.25
12-24-92,358.5,359.5,357,358.5
12-23-92,354,359.5,354,358.75
12-22-92,354,354.75,352.75,354.25
12-21-92,368,376.5,368,372.5
12-18-92,365,368.5,364.25,367.75
12-17-92,368,368,364,364.5
12-16-92,371,371,367.75,369
12-15-92,374,375,370.75,371
12-14-92,373.25,375.5,373,374.25
12-11-92,369,372.75,369.5,372.25
12-10-92,371,371.25,368.25,368.5
12-09-92,367.5,372.25,367,370
12-08-92,370.5,370.5,367.25,368.25
12-07-92,370.5,372.75,369,369.5
12-04-92,376.25,376.75,371,372
12-03-92,372.5,378.5,372,376.5
12-02-92,374,374,372.5,373
12-01-92,378,378.75,374.25,375.25
11-30-92,374.5,380.75,374.5,379.75
11-27-92,379.5,379.5,375.5,375.75
11-25-92,378,380.5,377.75,379.5
11-24-92,375,380,373.5,378.75
11-23-92,370,378.5,370,376.25
11-20-92,371,371.75,367,370.25
11-19-92,368,371.75,367.5,370.5
11-18-92,373.25,375,369,369.5
11-17-92,376.5,377.75,370.5,372.75
11-16-92,372.5,378.25,372.25,376
11-13-92,368,374,365.5,373.25
11-12-92,365.5,368.75,363.5,368.25
11-11-92,363.5,367.5,363.5,365.75
11-10-92,361.5,365.5,361.5,364.5
11-09-92,359,363,358.75,362.75
11-06-92,355.25,361.5,355.25,359.25
11-05-92,353.5,356,352.75,355.75
11-04-92,357.5,364,354,356
11-03-92,363,363,359,359.75
11-02-92,355.75,364,353.25,362.75
10-30-92,351,355.5,349.5,354.5
10-29-92,348,351,347,350.25
10-28-92,347.5,348.5,346.5,348
10-27-92,343.75,348,343,346.25
10-26-92,344.5,346.5,343,344.25
10-23-92,350.5,352,345.25,345.75
10-22-92,348.75,354,347.5,352
10-21-92,353.5,353.5,349,350
10-20-92,356,356,352.75,354
10-19-92,352,357.5,351.25,356.25
10-16-92,355,356,351.75,353
10-15-92,358.75,358.75,354.5,356.5
10-14-92,356,359.5,354.5,359.25
10-13-92,351.75,354,350.25,353.75
10-12-92,344,352.5,344,352
10-09-92,341.5,342,337,341.5
10-08-92,341,342.5,338.75,340
10-07-92,347,347,343,343.25
10-06-92,345.5,346.5,343.25,345.75
10-05-92,346.5,347.5,342.5,346.5
10-02-92,347,349.5,346.5,348
10-01-92,352,354,345,349.5
09-30-92,348,350.5,347.5,350.25
09-29-92,348,348.5,343.75,347.75
09-28-92,344.5,347.5,344.25,347.25
09-25-92,341.5,346.25,340.25,344.5
09-24-92,338.5,342,337.5,341.75
09-23-92,335,338,334.25,336.5
09-22-92,342.5,342.5,336,336.25
09-21-92,330.25,331.5,329,330.75
09-18-92,329.5,332,328,332
09-17-92,331,331.75,328.5,331
09-16-92,322,328,321,327.5
09-15-92,321.5,324.5,321.5,323
09-14-92,321.5,323,318.5,321
09-11-92,323,324,319,321.25
09-10-92,325.75,327,323.75,327
09-09-92,327,330,325.5,329.25
09-08-92,330,330,325.5,329.75
09-04-92,331,332.5,327.25,330
09-03-92,331,333,330.5,332
09-02-92,334,338,329.5,334
09-01-92,323,327,322,325.25
08-31-92,314.5,320,313.5,319.75
08-28-92,316.75,317.5,314,315
08-27-92,318,320.75,316.5,317.75
08-26-92,324.5,324.5,318.25,319.25
08-25-92,322,326,319.25,325
08-24-92,316,321.5,313,321
08-21-92,311.5,316.25,311,315.5
08-20-92,308,310.5,307.5,309.75
08-19-92,306.5,307.75,304.75,306.75
08-18-92,304.5,309.25,303,306.5
08-17-92,306,307,302.25,306.75
08-14-92,306.25,309,304.25,306.5
08-13-92,305.25,308,301.5,305.75
08-12-92,312,312,305.75,306.25
08-11-92,307,311.75,307,311.5
08-10-92,307,307.75,305,306.5
08-07-92,307,310.5,306.5,307.75
08-06-92,310,313,307.25,309
08-05-92,311,315.25,309.5,310
08-04-92,316.5,317.25,310,310.25
08-03-92,315,317.25,312.25,316.25
07-31-92,323,324.75,317,317.25
07-30-92,330,331.5,322.5,323.5
07-29-92,334.5,335,329.5,330.75
07-28-92,335.75,338,335,335.25
07-27-92,335.5,338.25,334,335.75
07-24-92,336,337.75,334,336.25
07-23-92,341,341,336,337
07-22-92,345,345,333,333
07-21-92,339.5,344.25,339.5,344
07-20-92,347.5,347.5,338,338.5
07-17-92,346,353,346,348.5
07-16-92,350,350.5,345,345.75
07-15-92,341.75,349,341.75,349
07-14-92,341.75,342.5,340,340.25
07-13-92,335,340,334,339.25
07-10-92,334,338.5,334,335
07-09-92,340,340.5,335.5,335.75
07-08-92,338,341.5,336.25,340.5
07-07-92,334,340,334,337.5
07-06-92,335,337,332,334.75
07-02-92,344,344.25,337,337
07-01-92,345.5,348,343.5,345.75
06-30-92,349.5,353,349,349.5
06-29-92,345.5,353,345,350
06-26-92,349.5,350.75,348.5,348.75
06-25-92,349.25,354.5,349,349.75
06-24-92,351.5,351.75,347.5,348.75
06-23-92,352,353.75,350.5,351.5
06-22-92,358,359,354,354.25
06-19-92,353,358,353,357.25
06-18-92,353.5,354.5,351.5,352.5
06-17-92,353.5,358,353.5,354.75
06-16-92,353,357.5,353,353.25
06-15-92,357,357,349.5,352.75
06-12-92,362.5,364,358.5,360
06-11-92,373,373.5,363,363.25
06-10-92,375,375.5,371.5,373
06-09-92,373,377,372.25,376.5
06-08-92,367,372.5,367,369.5
06-05-92,365.5,367,364.25,366.5
06-04-92,365.5,368,363,367.5
06-03-92,356,366.5,355.75,365.5
06-02-92,355.5,359,355,358
06-01-92,353.5,361,353.5,354
05-29-92,352.5,355.5,348,349.5
05-28-92,351.5,353.5,349,351.75
05-27-92,350,356.25,346.25,351.5
05-26-92,343.5,350,342.5,349
05-22-92,341,342.5,338.75,342.25
05-21-92,339.5,343,338,340
05-20-92,346,347,341,341.5
05-19-92,384,384.75,380,381.25
05-18-92,380.5,385,378.25,384.25
05-15-92,383.5,383.5,377.5,380.5
05-14-92,382,388,381,384.25
05-13-92,380.5,386,377.5,384.5
05-12-92,378.5,382,376.5,379.25
05-11-92,379,380,377.25,377.5
05-08-92,386,386,378,381
05-07-92,383.5,388.5,383.5,387.75
05-06-92,381.5,382.75,375.5,381.75
05-05-92,385,388.25,378.5,383.75
05-04-92,380,391,380,388.5
05-01-92,371.5,379.25,371,378
04-30-92,371,377,371,372.25
04-29-92,376,376.5,369,371
04-28-92,382,383.5,376,376.25
04-27-92,388.5,388.5,382.5,384.75
04-24-92,381.75,387,379.5,386.75
04-23-92,374,380.75,373.5,380.75
04-22-92,373,376,371.5,374
04-21-92,371,371.5,368,371.5
04-20-92,365,369,364.5,369
04-16-92,362.5,364,361.5,362.75
04-15-92,357,362.5,357,361
04-10-92,362.5,365,360.75,361
04-09-92,366.5,367.5,362,362.5
04-08-92,363,367.5,360.25,366.5
04-07-92,370,372.5,364,364.5
04-06-92,367.25,371,367.25,369.75
04-03-92,365,367.25,364,367.25
04-02-92,368,370,362,362.75
04-01-92,381,382,368,369.25
03-31-92,384,384,378.5,379
03-30-92,383.5,387,377,383.5
03-27-92,384,385,383,384.5
03-26-92,386,387.5,382.5,386.25
03-25-92,386.25,387.5,382,384
03-24-92,393,393.5,386,387.75
03-23-92,392,393,385,392
03-20-92,395,403.5,395,398
03-19-92,393,393.75,390,393.5
03-18-92,398,399,389.75,391
03-17-92,394.5,398,394.5,396
03-16-92,393,395.25,390.5,392
03-13-92,396,397,392,393
03-12-92,400.5,404,396.5,396.5
03-11-92,409.5,409.5,397,402
03-10-92,418,418,406,410.5
03-09-92,407,413,406.5,411.5
03-06-92,405,407.5,401.5,403
03-05-92,399,408.5,399,400.5
03-04-92,398,403.5,397,397.75
03-03-92,409,409,397,398
03-02-92,401.75,412,401.5,407.5
02-28-92,409,409,401,401.5
02-27-92,416.5,417,408.5,410.5
02-26-92,407.5,418,405,416
02-25-92,408,412.5,405,408.25
02-24-92,416,416.5,408,408.25
02-21-92,418.5,421,414,415.5
02-20-92,413.5,422,413.5,417.5
02-19-92,411.5,414,401.5,411.75
02-18-92,427,429,408.5,411.5
02-14-92,423,428.5,423,427
02-13-92,421,428,420,422.25
02-12-92,436,441,418,424.5
02-11-92,459,462.5,439.5,439.5
02-10-92,450.5,463.25,449,459.5
02-07-92,449.75,454,448.5,452.5
02-06-92,447,451.5,445.5,449.75
02-05-92,450.5,452,444.5,446.5
02-04-92,447.5,450,444.25,449.25
02-03-92,438.5,448.5,436,448
01-31-92,437.5,442,436,440.25
01-30-92,442.5,442.5,433,436
01-29-92,437.5,442,436.5,441.5
01-28-92,439.25,440,434.5,437.5
01-27-92,436.25,442.75,434.5,439.25
01-24-92,440,440.5,429,437.25
01-23-92,427.75,439.5,426.5,437.5
01-22-92,426,428,424.25,427.25
01-21-92,421.5,424.5,418.5,424
01-20-92,420.5,424.5,420,422.5
01-17-92,413.25,420,413.25,420
01-16-92,417,417,411.25,413
01-15-92,413.75,418,409.5,416.75
01-14-92,416,418,408.75,413
01-13-92,411,414,408.5,411.5
01-10-92,400.75,405,398.25,403
01-09-92,402.5,404,400,400.75
01-08-92,395,408,392.5,404.5
01-07-92,398,400,395,396.25
01-06-92,397.5,401.25,396,398.5
01-03-92,399.75,402.5,395,399.5
01-02-92,405.5,409.25,399.5,400.75
12-31-91,396.5,404.5,396.5,404.75
12-30-91,404.25,404.25,397,397.75
12-27-91,404.5,405.5,403,404.75
12-26-91,402.5,406,400,405.75
12-24-91,398,401,396.75,400.75
12-23-91,390.5,400,390.5,398.5
12-20-91,386.5,391,386,390.5
12-19-91,403.5,407,400.5,406.75
12-18-91,407,407,401,403
12-17-91,404,406.25,401.75,405.75
12-16-91,391.5,403.5,391.5,402.75
12-13-91,386,396,384.5,391.75
12-12-91,394,394.5,386.25,387.75
12-11-91,383.5,391,383.5,390.75
12-10-91,386,386.25,382.5,383
12-09-91,383,386,381.25,385.25
12-06-91,392.5,397,384.5,385.25
12-05-91,391,396,390.25,391.75
12-04-91,386,390.5,385,390.25
12-03-91,371,390,384.5,386.25
12-02-91,366.5,372,361.25,371
11-29-91,366.5,368.5,363,368.25
11-27-91,363.75,369.5,363,369.5
11-26-91,372.75,373,362.5,364.25
11-25-91,371,375.5,368,372.25
11-22-91,366,369.5,364.5,368.75
11-21-91,364,367.5,363,365.5
11-20-91,356.5,368,356.5,367
11-19-91,351.25,357,351,354
11-18-91,350.25,355.5,346.5,352.25
11-15-91,355,355.5,350,350.25
11-14-91,352,356.25,350.5,355.5
11-13-91,347.5,352.75,347.5,352.5
11-12-91,346.75,348,344.5,347.25
11-11-91,350,351.5,347.25,347.5
11-08-91,349.5,353,348,351
11-07-91,356,356,347,350.25
11-06-91,360.5,360.5,356,357.25
11-05-91,363.25,364,362,362.5
11-04-91,364.25,365.5,361.75,363
11-01-91,364,365.75,363,364.75
10-31-91,358.5,366.25,358.25,363.5
10-30-91,363.25,364,357,358.5
10-29-91,357,363,354,362.25
10-28-91,360.5,363,357,357.5
10-25-91,366.5,369.25,363.75,364.75
10-24-91,364,368.5,363,367.5
10-23-91,360.75,366.75,359.75,365.75
10-22-91,354,363,354,360.75
10-21-91,359.75,360,354,355
10-18-91,354,358,352.5,357
10-17-91,349.5,353,349,352.75
10-16-91,345.75,351.75,345.5,349.5
10-15-91,344,347,341.75,346.25
10-14-91,346.5,349.75,342,343.75
10-11-91,334,347.5,334,347
10-10-91,342,343.25,340.25,341.75
10-09-91,344.5,347.5,341.75,343
10-08-91,346,346,343.75,345.75
10-07-91,343,349,341.5,346.25
10-04-91,337.5,344.5,336.5,344
10-03-91,340.5,340.75,337.5,338.75
10-02-91,340.25,341.75,337.5,341.5
10-01-91,335,340.5,334.25,339.75
09-30-91,331.5,335.25,330.5,332.5
09-27-91,325,332,324.25,331.5
09-26-91,326,326.25,323.5,325.75
09-25-91,328.5,329.75,327,327.25
09-24-91,327,328.5,324.75,326.5
09-23-91,327.75,328.5,325.5,326.75
09-20-91,335.5,335.75,329.5,330.5
09-19-91,330.5,333.5,330.5,333.5
09-18-91,331,333.75,330.75,333.5
09-17-91,330.25,331.75,328.5,331.5
09-16-91,324,330,324,329.25
09-13-91,324.5,324.5,321,323
09-12-91,321.5,323.5,321,322.5
09-11-91,316.5,319,314.25,318.75
09-10-91,315.5,317,314,317
09-09-91,312,316,312,315.25
09-06-91,313.5,314.75,312.75,313
09-05-91,315,317,312.75,316.5
09-04-91,312.5,316,311.5,315.5
09-03-91,309,315.75,309,314.75
08-30-91,307,311.5,305.75,310.5
08-29-91,304,305.75,303,304.5
08-28-91,302,309,302,305.25
08-27-91,304.5,304.75,302.25,302.75
08-26-91,301,309,301,306
08-23-91,299,300.25,296.75,299.5
08-22-91,295.75,300.5,294.5,299.25
08-21-91,297.25,298.25,293,296.25
08-20-91,282.5,282.5,278,278.25
08-19-91,282,287.75,278,281.75
08-16-91,299.5,301,297,298
08-15-91,296,300,293.5,299.5
08-14-91,303,304.5,295.5,296
08-13-91,298.25,302,297,301
08-12-91,295.5,299,294.75,298.75
08-09-91,295.5,296.75,294.5,295.75
08-08-91,291,295.25,289.5,294.25
08-07-91,293,296.25,291,292.75
08-06-91,285,293,284,293
08-05-91,292,294.5,289,290.75
08-02-91,295,299,293.25,298
08-01-91,295,300,295,295.5
07-31-91,291,294.25,288,294
07-30-91,288.5,292.75,287.5,291.75
07-29-91,294,298,290.25,290.75
07-26-91,286.5,288.5,284.5,287
07-25-91,284.5,288.25,284,286.25
07-24-91,285.5,288.5,281.5,283.5
07-23-91,288,291.5,284.5,289.25
07-22-91,272.25,275,271.25,273.5
07-19-91,266.5,269,266.5,269
07-18-91,267.5,268.5,266.75,268.5
07-17-91,270,274,267.5,271.5
07-16-91,269,270,268,270
07-15-91,273,273,266,266
07-12-91,265,269,265,269
07-11-91,261.75,262,259,261
07-10-91,255.5,262.5,254.25,262.5
07-09-91,254,256,252,255.25
07-08-91,260.5,261,250,251
07-05-91,263.5,264,261,261.25
07-03-91,266.5,266.5,262.5,264.75
07-02-91,268.5,270,261,264
07-01-91,266,268.5,264.25,267
06-28-91,261,264.75,255.5,264.25
06-27-91,271.5,271.5,264.5,265
06-26-91,274,277.25,272.5,273
06-25-91,271.5,274.5,268.5,274
06-24-91,272,275.75,270.5,271
06-21-91,278.5,279.5,271,271.75
06-20-91,289.5,288.5,280,280.5
06-19-91,290,291.75,289,289.25
06-18-91,290.75,293.5,288.75,291.25
06-17-91,292.5,293,287.5,289.5
06-14-91,297,297,292.5,293
06-13-91,301.25,302,296.75,298
06-12-91,303.5,305,299,301.5
06-11-91,294.5,299.5,294.5,298.5
06-10-91,297.5,300,292.5,293
06-07-91,290,296.25,290,296
06-06-91,291.5,292.5,290.5,291
06-05-91,291,294,290,292.5
06-04-91,292.75,294.5,290.5,292
06-03-91,288.5,294.5,288.5,292.75
05-31-91,285,288,284.5,287
05-30-91,287,288,284.25,285
05-29-91,292,292.5,288,288.25
05-28-91,291,292.25,286,291.25
05-24-91,297,297,293,293.5
05-23-91,298,298.25,295.5,296.75
05-22-91,296.25,299,296.25,298.5
05-21-91,287,288,286.5,286.5
05-20-91,282,287,282,287
05-17-91,283,283.5,281.75,282.5
05-16-91,284,285,283,283.5
05-15-91,287,287,284,284
05-14-91,288,288,285.5,286
05-13-91,287.75,288,285,288
05-10-91,285,287.75,283.5,287.75
05-09-91,280,283,279.5,283
05-08-91,278.5,279.25,277.5,279.25
05-07-91,279,281.25,278.5,280
05-06-91,278.5,279.5,278,279
05-03-91,274,277,274,277
05-02-91,270.75,274,270.75,274
05-01-91,271,272.25,270,271.75
04-30-91,269.25,273.25,268,272.75
04-29-91,272.75,274,267.5,268.5
04-26-91,275,276.5,274.25,275.25
04-25-91,278.75,279.5,276.5,277
04-24-91,282.5,283.25,279,279.25
04-23-91,278,281.5,277,281.25
04-22-91,279.25,280.75,275.75,278
04-19-91,276.5,279,275.5,278.75
04-18-91,279,280.25,277,277.25
04-17-91,283,284.75,280.25,280.5
04-16-91,282.75,284.75,281.5,282.25
04-15-91,287,289.75,283,283.25
04-12-91,289,290.5,287.5,288.25
04-11-91,285,288,284.5,288
04-10-91,283,284.5,282.25,283.5
04-09-91,283.75,284,279,281.5
04-08-91,285,287.5,284,285.25
04-05-91,284.5,287.5,283.5,286.5
04-04-91,288.5,288.5,283.25,285.5
04-03-91,290,294,289,289.25
04-02-91,293.5,294,289.5,290.25
04-01-91,288.5,294,288.5,293.75
03-28-91,286.5,287,285,286.75
03-27-91,278.5,285,278.5,284.75
03-26-91,283.5,284,279.5,279.75
03-25-91,283.5,286,282.25,284.25
03-22-91,278.75,283,278.75,283
03-21-91,278,279,276,277.5
03-20-91,278.75,280.75,276.5,277.75
03-19-91,270.5,270.5,266.25,268.25
03-18-91,266,271,266,270
03-15-91,273.5,274,268,268.5
03-14-91,275.75,276,274.5,275.5
03-13-91,280,280,277.25,279
03-12-91,270.25,279.5,270.25,279.25
03-11-91,274.5,274.5,270,271.5
03-08-91,274.75,276,272.5,275.5
03-07-91,273,273.5,271,272.75
03-06-91,276.5,277.5,273.5,274
03-05-91,270.5,276,268.5,275.5
03-04-91,271.5,276.5,270.5,271
03-01-91,259.75,269,259.5,269
02-28-91,252,259.75,251.5,259.75
02-27-91,254,254.25,252,252.25
02-26-91,253.75,256,253.5,254.5
02-25-91,252,253.5,251,253.5
02-22-91,252.5,253.25,251.25,251.75
02-21-91,252,254.25,251.75,252.75
02-20-91,253.5,254,252,252.5
02-19-91,256,256.25,254.25,254.5
02-15-91,256.25,257.5,254.25,256.5
02-14-91,256,257.25,254.75,256.25
02-13-91,253.25,255.5,252.5,255.25
02-12-91,251.5,253.5,251,252.75
02-11-91,253.5,254.5,250,251.75
02-08-91,250.5,254,250.5,252.75
02-07-91,250.75,252.25,248,250.75
02-06-91,255,255.25,251,251.25
02-05-91,259.25,259.25,256,256.25
02-04-91,261.5,262.5,259.25,259.75
02-01-91,263,263.5,260.5,262.25
01-31-91,262,263.25,257.5,263
01-30-91,259,261,258.25,260.75
01-29-91,257.5,259.75,256.75,259.5
01-28-91,254,260.5,253.75,257.5
01-25-91,251.75,255.5,251.25,255.25
01-24-91,250.5,252.75,250,252.5
01-23-91,252.5,253.5,250,251.5
01-22-91,252,254.5,251.25,253
01-21-91,253.5,253.75,250,250.25
01-18-91,256,257.75,252.25,253.5
01-17-91,248,254.5,245.5,254
01-16-91,247.5,250.75,247,249.5
01-15-91,249,249.25,244.5,246.25
01-14-91,249.5,250,247,248.75
01-11-91,255,255.25,251.75,252.5
01-10-91,254.25,255.75,253.75,255.5
01-09-91,252.5,254,250,253.75
01-08-91,256,256.5,250,251.25
01-07-91,256.5,257.75,255,255.75
01-04-91,258.5,259.75,256.25,257.5
01-03-91,262.5,262.75,258.5,259.5
01-02-91,260,264,256.5,263.5
12-31-90,262,262.5,259.5,260.5
12-28-90,262,262.5,258.5,261.75
12-27-90,266.25,266.5,261.5,262.25
12-26-90,264.5,266,264.5,266
12-24-90,261,266.5,260.75,264.25
12-21-90,261.25,262,260.5,261.5
12-20-90,260.25,262,259.25,260.5
12-19-90,251.5,251.5,247,247.75
12-18-90,254.5,254.75,251.5,251.75
12-17-90,255,255.75,252.5,254.5
12-14-90,254.5,255.5,251.75,253
12-13-90,252.5,254.5,252,254.5
12-12-90,254.5,258,253.5,255
12-11-90,256,256,254,254.5
12-10-90,252,254.75,252,253.25
12-07-90,246.5,253,246.5,253
12-06-90,242.25,247.75,242.25,247
12-05-90,243,245.5,242.75,243.5
12-04-90,246.5,247.25,243.25,244.75
12-03-90,245,247.5,244.5,247.5
11-30-90,241,245.5,239.5,245
11-29-90,241,243,238,239
11-28-90,243,245,242.5,242.75
11-27-90,242,244.25,239.75,242.25
11-26-90,249,249,242.75,243.5
11-23-90,249,250,245.25,248.75
11-21-90,246.5,249.25,244.5,249
11-20-90,251,251,244,245.25
11-19-90,252,253.5,251.25,252.75
11-16-90,248,251.5,247.75,250.25
11-15-90,255.5,256.25,247,247.5
11-14-90,261.75,262,255,255.25
11-13-90,265.25,265.5,262.75,263
11-12-90,265.75,266.75,263.5,265
11-09-90,268,270.25,265,265.75
11-08-90,266.75,269.5,265.75,269.25
11-07-90,265.5,265.75,264.75,265.75
11-06-90,265,267,264.5,265.5
11-05-90,264.5,268,261.75,264.25
11-02-90,262.5,266,261.75,265.25
11-01-90,261.5,265,261,262.25
10-31-90,264,265,261.5,262
10-30-90,262,265,261.5,264.25
10-29-90,261,263,260,261.25
10-26-90,263,263.25,260.5,262.25
10-25-90,264,264.25,262.75,263.75
10-24-90,264,265.75,263.75,264.75
10-23-90,262.5,263.75,261.25,263.5
10-22-90,263.5,265.5,262.25,263.25
10-19-90,263.5,266.5,262.75,263.75
10-18-90,263.5,265.5,262,263.75
10-17-90,261.5,265,261.25,263.5
10-16-90,265,265.5,260.5,260.75
10-15-90,265,267.75,263,265
10-12-90,273.5,273.5,264.5,266.5
10-11-90,275.5,275.5,269.5,271.25
10-10-90,278.5,278.5,274.25,276.25
10-09-90,278,280,276,278.5
10-08-90,274,279.5,272.25,279.25
10-05-90,274,276.25,273.5,273.75
10-04-90,274.75,275.25,273,275
10-03-90,273,277,273,274.25
10-02-90,268,272.5,268,272.25
10-01-90,275.5,276.25,267.5,267.75
09-28-90,278.5,278.5,274.5,277.75
09-27-90,278,278.5,276.25,277.5
09-26-90,273.75,278.75,273.25,276.5
09-25-90,276,277.75,274.25,274.75
09-24-90,270.5,275.5,269.5,275.25
09-21-90,268,271,267.75,270.25
09-20-90,269.5,272.25,267.75,268.25
09-19-90,258,258.75,256.5,257.5
09-18-90,260.5,260.5,258.25,259.5
09-17-90,256,261.75,256,261
09-14-90,260,260.5,256.25,257
09-13-90,261,262.5,257.5,259.75
09-12-90,265,268.5,265,266.75
09-11-90,267.5,268,264.5,267.25
09-10-90,261,267.75,260,267.75
09-07-90,264.5,265,261.5,262.75
09-06-90,264.5,266.5,263.75,265.75
09-05-90,258,263.5,258,263
09-04-90,261.5,261.5,255.25,256.25
08-31-90,266,268,262.5,262.5
08-30-90,274.5,274.5,266.5,266.75
08-29-90,279.75,281,275.75,275.75
08-28-90,281,281.5,277.5,279.75
08-27-90,283,284.5,280.5,281.5
08-24-90,285,285.25,282.75,284.75
08-23-90,282.25,285,282.25,283
08-22-90,279.5,282.5,279,282.25
08-21-90,279.5,280.5,277.25,280.25
08-20-90,282.25,283.75,281,281.25
08-17-90,284,286,281.25,282.25
08-16-90,286,286.5,283,284.5
08-15-90,280.5,285,279.75,284.75
08-14-90,275.25,279.5,275.25,279.5
08-13-90,281,282.5,273.75,275.25
08-10-90,290.5,292,280,280.5
08-09-90,285.5,292.5,285.5,290.25
08-08-90,281.5,286,280.5,284.5
08-07-90,283.5,283.5,281,281.25
08-06-90,280.25,283,278.75,282.25
08-03-90,281.5,285,280.25,280.5
08-02-90,282.5,285,279,283
08-01-90,287.5,289.75,281,281.25
07-31-90,294,295,287.5,288.25
07-30-90,297,297.75,293,294
07-27-90,302,304.5,298.25,298.5
07-26-90,301.25,302.5,299.25,301.75
07-25-90,304.5,305,301,301.5
07-24-90,303,306,302,303.5
07-23-90,299,302,296.5,301.75
07-20-90,297.5,298.5,296.5,296.75
07-19-90,301.5,301.75,297,297.25
07-18-90,302.5,304.5,300.75,301
07-17-90,303,306,301.5,301.75
07-16-90,306,306.5,302.25,302.5
07-13-90,307,309.75,307,307
07-12-90,305,308.5,304.25,306
07-11-90,307,307.5,304.25,305.5
07-10-90,307.25,309,305.5,305.5
07-09-90,309,311.5,306.5,306.5
07-06-90,317.5,318.75,309,309.25
07-05-90,320.5,322,318,318.25
07-03-90,326,327.5,323,323.5
07-02-90,326.25,331,326.25,326.5
06-29-90,329,329.5,325.5,325.75
06-28-90,332,333.75,329.5,330.25
06-27-90,334,335.5,333,333.25
06-26-90,333,335,332.75,334
06-25-90,333,335.5,332,333.5
06-22-90,339.5,340,333.5,333.75
06-21-90,333.5,338.5,333.5,338.25
06-20-90,333.25,338.5,333.25,334.5
06-19-90,330,332.75,329.25,332.25
06-18-90,326.5,331.5,326.5,330
06-15-90,332.25,332.5,327.5,328
06-14-90,334,335,331.5,332.75
06-13-90,335,337,333.5,334.25
06-12-90,333.75,335.75,333.5,335.25
06-11-90,329.5,334.5,329,332.75
06-08-90,335.5,337.5,330.5,330.75
06-07-90,332,336,332,334.75
06-06-90,332,335,330.5,331.5
06-05-90,331,333,329.75,332.5
06-04-90,328,331.5,326,331
06-01-90,333.5,333.75,328.5,329.25
05-31-90,332.5,334.75,330.5,333.75
05-30-90,334,335,330.5,332.25
05-29-90,331,335.5,330.25,335
05-25-90,330.5,332.5,328.5,330
05-24-90,334.5,335.5,330,330.5
05-23-90,334.5,336.5,332.25,333.75
05-22-90,337,339.5,334.25,334.75
05-21-90,382,387,369,383.5
05-18-90,389,389,385,385.75
05-17-90,389.5,390,387.75,389.5
05-16-90,384,390,384,389
05-15-90,384.5,385.5,381.5,383
05-14-90,381,384.5,381,384.25
05-11-90,381.5,382,377.5,381.5
05-10-90,382,383.75,380.5,382
05-09-90,377,383,377,379.5
05-08-90,383.5,384.5,377.25,378
05-07-90,378,383.25,378,383
05-04-90,374,378.5,372.5,377.25
05-03-90,373.5,377,372,372.5
05-02-90,368.5,373.75,368.5,373.5
05-01-90,374.75,376,367.5,367.5
04-30-90,370.5,374.5,368,374.25
04-27-90,369,374,365.5,370.5
04-26-90,369.5,371,366,370.5
04-25-90,367,371,366.75,371
04-24-90,369.5,370,366.5,367.75
04-23-90,370,371.75,369.25,370.25
04-20-90,370,374,368.75,370.75
04-19-90,365,370.5,363.5,369
04-18-90,364.5,367,364.5,365.25
04-17-90,370.75,371.5,364.5,364.75
04-16-90,365,370.75,364.5,370.5
04-12-90,363.5,367.5,362,367
04-11-90,363.5,367,361,364.75
04-10-90,361,364,357.5,362
04-09-90,365.5,370.5,360.5,360.75
04-06-90,369.5,371.5,365,365.25
04-05-90,370,372.5,367,370
04-04-90,363.5,374.75,363.5,369.75
04-03-90,356,361.75,355.5,361.5
04-02-90,353.5,356.5,353.25,355.75
03-30-90,353,353.5,349.5,351.75
03-29-90,347,353,347,353
03-28-90,355,355,349.25,350
03-27-90,359,359,355,355
03-26-90,356.5,359.75,355.5,359
03-23-90,358.5,358.5,355.75,356.75
03-22-90,359.5,359.75,357,358.75
03-21-90,403,408,400.5,404.5
03-20-90,400,402.25,398.5,402.25
03-19-90,390.5,398.75,390.5,398.5
03-16-90,387,390,385,389.5
03-15-90,380,384.5,379,384.5
03-14-90,379.5,381.5,378,381
03-13-90,382.5,384.5,380,381
03-12-90,383,384,381.5,383.5
03-09-90,384,384,382,383.5
03-08-90,380,384.5,380,383.5
03-07-90,380.5,383,380,381
03-06-90,384.5,386,380,381.25
03-05-90,388,388.5,381.25,385
03-02-90,389.75,392.25,387.5,388.75
03-01-90,391.5,393,389,389.25
02-28-90,394,396,391.25,393.25
02-27-90,396.25,398.25,391.5,394.25
02-26-90,394.5,396.75,393.5,396.25
02-23-90,389,394,388.5,394
02-22-90,385.5,390,384.5,389.5
02-21-90,381,385,380.25,384.5
02-20-90,382.75,383.5,381,382.25
02-16-90,386.25,387.75,383.5,384
02-15-90,388.25,389,384.25,386.25
02-14-90,385,387.75,383,387.25
02-13-90,389.5,389.5,385.25,385.5
02-12-90,387.5,390.25,387.5,390
02-09-90,383.5,388,383.5,386.75
02-08-90,382.75,383,380.25,382.5
02-07-90,384,385,382.75,383
02-06-90,382,384.5,381.25,382.75
02-05-90,380,384,380,383.5
02-02-90,374.25,379.5,373.75,379
02-01-90,375.5,377.5,373.25,375.25
01-31-90,377,379.5,375,375.75
01-30-90,380.25,380.5,375.25,376
01-29-90,380.75,382.5,371.5,378.75
01-26-90,385.5,386.5,381,381.25
01-25-90,389.5,390,384.25,385.5
01-24-90,391.75,393.5,391.25,391.5
01-23-90,393,393.75,391.5,392.75
01-22-90,391.5,394.25,391.25,392.5
01-19-90,397,397,391.75,392
01-18-90,402,402,396,397.75
01-17-90,398,401.5,397.25,401
01-16-90,399.5,401,397.75,398.25
01-15-90,401,401.5,397.5,399.5
01-12-90,405.25,407.5,400.5,401.5
01-11-90,406,407.25,403,404.75
01-10-90,406,406.25,403.25,405.5
01-09-90,409,409,406.25,406.75
01-08-90,411.5,412,409.5,410
01-05-90,408,410.5,407.5,409.75
01-04-90,410.5,411,408.5,409.25
01-03-90,408.25,410.25,407,410
01-02-90,408,410.75,407.25,408.75
12-29-89,409,409.75,408.25,409.25
12-28-89,406.5,410.5,405.5,408.5
12-27-89,409.75,410.5,406,406.25
12-26-89,411,411.5,409.75,410
12-22-89,412.5,414.25,411.5,411.75
12-21-89,412.5,413,411.75,412.75
12-20-89,415.5,416,412.75,413
12-19-89,415,415.75,411,411
12-18-89,412.5,415.5,412,415
12-15-89,416,416,412.75,413
12-14-89,415.5,417,415,416.25
12-13-89,413.25,414.5,410.75,414.5
12-12-89,412,414,411,413.5
12-11-89,410.5,415.5,410.5,413.5
12-08-89,408,410.5,408,410.25
12-07-89,407.5,409,406.75,408
12-06-89,404.5,409.5,404,408.5
12-05-89,405.5,406,402.5,402.5
12-04-89,407,408.5,402.25,404
12-01-89,408,410.5,408,408.25
11-30-89,406.5,408.25,405.75,407.5
11-29-89,406.5,407.25,404,405.75
11-28-89,407,409,406.5,406.75
11-27-89,406,409.5,404.75,406.75
11-24-89,407.75,409,405.25,407.25
11-22-89,408.5,409,407.5,407.75
11-21-89,410,410,407.5,409.25
11-20-89,410,411,408.5,410.75
11-17-89,408,410,406,410
11-16-89,404,408.5,403.5,407.5
11-15-89,399,405,399,405
11-14-89,398,401,398,400.25
11-13-89,404.5,405.5,401.75,402
11-10-89,403,407.5,402.5,404.5
11-09-89,403.5,404,402.25,403.25
11-08-89,404.5,405.5,402.5,403.75
11-07-89,406,406,402.75,405.25
11-06-89,406.5,407.25,403.5,406
11-03-89,401.5,405.5,401.25,405.25
11-02-89,398.75,402,398.5,401.5
11-01-89,394.25,398.75,394.25,398
10-31-89,395.5,397.5,394,394.5
10-30-89,399.5,400.25,396.5,396.75
10-27-89,398.5,399.5,396,398.5
10-26-89,404.5,404.5,398,398.5
10-25-89,407,407.75,403.5,405.5
10-24-89,406.5,407.75,405,407
10-23-89,406.5,409,402.5,407.75
10-20-89,406,408,404,407
10-19-89,407.5,409.75,405,407.75
10-18-89,409.5,409.5,404.5,406.25
10-17-89,409.5,411,408.5,409.5
10-16-89,406,411,403.75,410.75
10-13-89,408,410,403.5,406.75
10-12-89,404,407,404,406.75
10-11-89,406,407,403,404.25
10-10-89,405.5,408,405.25,407
10-09-89,410,411,406,406.25
10-06-89,411,415.5,409,411.5
10-05-89,409,412,407.75,410.75
10-04-89,409,411,407.5,409.25
10-03-89,406,410,404.5,409.75
10-02-89,409.5,413,405,407.25
09-29-89,400.5,408,400.5,407.25
09-28-89,398,400.75,395,399.5
09-27-89,395,398.75,393.5,398.5
09-26-89,391,394.5,391,394.25
09-25-89,390,391,388,390.25
09-22-89,394.5,394.75,387.5,389.25
09-21-89,391.75,394,390.5,393.75
09-20-89,381.5,381.5,379.5,380
09-19-89,382,382,380,380
09-18-89,387.5,388,381,382.25
09-15-89,386.5,388.75,385.5,388.75
09-14-89,387,387.5,385,385.75
09-13-89,393,394,385,385
09-12-89,393,393,390,393
09-11-89,395,395.75,392.5,393
09-08-89,395,396.75,395,395.5
09-07-89,397.25,398.75,396.75,397
09-06-89,397.25,399,396,396.75
09-05-89,392.5,397.5,391.5,397.25
09-01-89,387,393,387,391.5
08-31-89,385,387.5,384.75,386
08-30-89,383.5,386.5,382.5,385.75
08-29-89,389.25,389.5,384.25,384.5
08-28-89,387,389,386.5,388.5
08-25-89,394,394,390.25,390.5
08-24-89,392.5,394,391.75,393.75
08-23-89,390,393.5,390,391.75
08-22-89,389,391.75,388.25,390.5
08-21-89,390,391,387.25,390.25
08-18-89,398,398.25,392,392.25
08-17-89,397.5,397.5,395.75,397.25
08-16-89,398.75,400.25,396.25,399.25
08-15-89,398,400,397.5,399.25
08-14-89,396,397.75,392.5,397
08-11-89,399,401.5,397.5,397.75
08-10-89,395,396.5,393.5,395.75
08-09-89,391.5,395,391.5,395
08-08-89,392.5,393,390.25,391.5
08-07-89,386.5,392,386.5,391.5
08-04-89,387.5,388.5,387,387.5
08-03-89,388.25,389.25,386.5,387
08-02-89,390,391.5,387.25,390.25
08-01-89,384.5,388,384.5,387.5
07-31-89,386,387.5,384,384.5
07-28-89,389,392,387.5,387.75
07-27-89,387.5,390.25,384,389.75
07-26-89,386.5,390.75,386.5,388.25
07-25-89,388,390.5,386,386.25
07-24-89,394,394.75,388,388.5
07-21-89,396.5,398.25,394,395.75
07-20-89,390.5,392.25,386,390.75
07-19-89,390,392,389,390
07-18-89,385,389.5,385,387.5
07-17-89,392,392.5,384,384
07-14-89,392,399,391.5,395.25
07-13-89,388,393,385.25,390.75
07-12-89,389,393,388,388
07-11-89,397,401.25,391.5,391.75
07-10-89,403,403.75,399.5,399.5
07-07-89,404,406.5,403.75,404.75
07-06-89,404,409.5,402,405
07-05-89,403,405,398,404
07-03-89,397,398,394,394.5
06-30-89,403,404,396,397.25
06-29-89,410,410,404.5,405
06-28-89,412,414.25,408.5,412.25
06-27-89,403,413,403,412.5
06-26-89,399,406,399,401.75
06-23-89,399,399.75,396,397.5
06-22-89,401,403,398.25,398.75
06-21-89,392.5,401.5,393,399.25
06-20-89,394,397,393,395.75
06-19-89,395.5,399,393.5,396.5
06-16-89,395,396.75,392.25,394.25
06-15-89,398.5,399,393,394.25
06-14-89,393,399,392.5,398.75
06-13-89,389,392.75,388.5,392.25
06-12-89,389,390.5,388,388.5
06-09-89,385.5,387.5,383.75,386.5
06-08-89,382,385,380.25,381.75
06-07-89,388,388,381.5,382
06-06-89,396,396,387.5,388.25
06-05-89,386,395.5,385.5,394.75
06-02-89,389.5,391.5,388.5,391.25
06-01-89,386,389,385.5,388.5
05-31-89,391,392.5,386.25,387.5
05-30-89,389,392,388.25,391
05-26-89,397,397,391.5,393.5
05-25-89,400,402,395,396
05-24-89,394.5,399.5,392.25,398.75
05-23-89,395.5,396.25,392.25,395
05-22-89,396,396,392,394.25
05-19-89,406,407.5,401,403.25
05-18-89,408.5,409.5,408,408.25
05-17-89,409.5,410,404,407.5
05-16-89,416,416,406,409.5
05-15-89,422,422,416.5,418
05-12-89,429,429,421.5,422.5
05-11-89,424,428,424,428
05-10-89,425.5,428.25,425.5,426.5
05-09-89,434,434,423,426
05-08-89,435,440.75,433.5,436
05-05-89,433.5,438.5,433,437
05-04-89,439,444,434,435
05-03-89,427.5,439.5,424,437.5
05-02-89,424,430,424,426.5
05-01-89,418.5,424,417.25,423.75
04-28-89,403.5,421,403.5,417.5
04-27-89,411,414,404,405
04-26-89,414,414.5,407.75,411
04-25-89,413,416,412.5,414.5
04-24-89,415,417,412.5,415.75
04-21-89,411,415,409.5,414.5
04-20-89,412,412,408.5,409.25
04-19-89,409,415,408.5,411.75
04-18-89,408,409,402.25,407
04-17-89,414,419.5,410,410.25
04-14-89,409,413,407.5,412.75
04-13-89,402.5,409,402.25,408.75
04-12-89,404,406.5,401.5,403
04-11-89,395.5,402,395.5,401
04-10-89,390.5,398.5,387,394.5
04-07-89,399,399.5,390.5,391.5
04-06-89,404,404.5,395.5,400.5
04-05-89,401,405.5,400.5,404.25
04-04-89,408,408,400,401.25
04-03-89,403.5,409,391.5,408.5
03-31-89,412,412,399,403.75
03-30-89,427,427,408.5,409
03-29-89,427,429.5,427,428.25
03-28-89,427,429.75,427,428.75
03-27-89,428,430,427,427.25
03-23-89,427,428.75,425.25,428.25
03-22-89,432,432,425.5,426.25
03-21-89,426,428,426,426
03-20-89,431,431,426,426.25
03-17-89,436.5,436.5,431.5,434
03-16-89,437.5,439.75,436,437
03-15-89,438,438,436.75,438
03-14-89,438.5,438.5,434,436.5
03-13-89,438.5,439,435,438.5
03-10-89,436,438.75,433.5,436
03-09-89,430,436,430,435.75
03-08-89,433,434,429.5,430
03-07-89,436,436,432.5,434
03-06-89,434,436.25,433,435
03-03-89,434.5,436.25,432.5,432.75
03-02-89,437,439,433.5,436.25
03-01-89,435.5,440.5,435.5,439.25
02-28-89,434,437.5,434,436.25
02-27-89,433,434,431,432.5
02-24-89,426,435,425,434
02-23-89,425,427,424.5,427
02-22-89,429,429,426,426.25
02-21-89,422.5,425,421.5,425
02-17-89,422.5,426,419.5,424.5
02-16-89,426.5,427.75,421,422.5
02-15-89,424.5,426.5,423.25,425.25
02-14-89,424.5,425.75,421,423.5
02-13-89,426,427,424.75,425.25
02-10-89,424.75,429,422,428.75
02-09-89,428,428.5,422.5,425.25
02-08-89,427,431.5,426.5,428.25
02-07-89,425,428.5,425,427.25
02-06-89,428,428.5,424.25,425.75
02-03-89,427.5,433.25,426.5,430.25
02-02-89,432,435,426,427.25
02-01-89,439.5,439.5,431,431.75
01-31-89,440,443,438,440.5
01-30-89,440.5,443,437,437.25
01-27-89,443,443.25,440,440.5
01-26-89,442,445,437.25,444
01-25-89,435.5,440,432,439.75
01-24-89,443.75,443.75,437.25,437.75
01-23-89,446,448.25,444.5,444.75
01-20-89,442,445,440.25,445
01-19-89,440.5,445.5,440.5,442.75
01-18-89,435.5,440.25,435,439.75
01-17-89,430.5,437,430.5,436.75
01-16-89,437,438,428.5,430.75
01-13-89,443,444.5,440.5,441
01-12-89,443,443,439,441.25
01-11-89,446.5,446.75,444.25,444.5
01-10-89,448,448,445,446.75
01-09-89,448,449,446,448.75
01-06-89,447.5,449,446,448.75
01-05-89,446,448.75,444.5,448.25
01-04-89,439.5,448,439,447.25
01-03-89,441,445.25,437.5,439.25
12-30-88,435.5,440,434.5,440
12-29-88,436,438.5,434.25,436.75
12-28-88,434,440,434,435.75
12-27-88,440.5,441,435.5,437.25
12-23-88,438.75,441.5,438.5,440.5
12-22-88,438.75,439.5,436,438.75
12-21-88,434,439.5,433,438.75
12-20-88,435.5,435.75,434.5,434.5
12-19-88,437,437.5,434,436.5
12-16-88,428.5,436,427.75,436
12-15-88,428,430,426.25,428.5
12-14-88,428.5,428.5,426.5,426.75
12-13-88,428,428,423,427
12-12-88,426,429,425.5,428.5
12-09-88,428,429.5,426.5,427
12-08-88,425,429.5,424,429.5
12-07-88,418.5,424,418.5,423
12-06-88,413,422,413,420
12-05-88,420,420,413.25,413.75
12-02-88,421,421,414.5,419
12-01-88,423,423,415.25,416
11-30-88,423,425,421.25,424.75
11-29-88,417,423.75,416.5,423.5
11-28-88,425.5,425.5,417.25,418.5
11-25-88,420,426,419,425.5
11-24-88,416.75,418.5,415.25,418
11-23-88,416.75,418.5,415.25,418
11-22-88,408.25,416.5,405,415
11-21-88,410.75,411.5,403.5,408.25
11-18-88,409,412,408.75,411
11-17-88,409,413.5,404.5,409.25
11-16-88,414,414,409.5,410.75
11-15-88,420.75,421.25,413.5,413.75
11-14-88,420,422.5,412,420.75
11-11-88,425,426.5,419.25,421.75
11-10-88,424,427.5,422.5,424.75
11-09-88,423,427.25,422.5,425.5
11-08-88,419.25,427,418.25,426.25
11-07-88,415,419,413.5,419
11-04-88,419,419.5,414,415.75
11-03-88,418.5,419,416,417
11-02-88,418.5,420.75,417.5,418.75
11-01-88,415.5,418.75,414.25,418.5
10-31-88,412,417,412,415.75
10-28-88,409,412,407,410
10-27-88,412,414.75,409.5,411.5
10-26-88,408.5,413,404.5,412.25
10-25-88,419.25,420.5,406,407.5
10-24-88,417.5,420,412.25,418.75
10-21-88,423.5,425,415.5,419.5
10-20-88,425.5,426.25,422,423.5
10-19-88,422.5,428,422,426.75
10-18-88,429,429.25,421.5,423
10-17-88,427.5,430.75,425.5,430.25
10-14-88,432,432,427.5,428.75
10-13-88,437,438,430,435.25
10-12-88,434.5,435.5,431.5,434.75
10-11-88,427,434.5,425.25,434.25
10-10-88,434.5,435.5,427,427.5
10-07-88,432.5,435,429,434.5
10-06-88,423.5,433.5,423,432.75
10-05-88,423,427.5,420.75,426.25
10-04-88,422,429,420,422.5
10-03-88,415,423.5,415,422.25
09-30-88,413.5,418.5,413.5,414.75
09-29-88,415,417,409,412.75
09-28-88,422.5,424.75,415,416
09-27-88,420,422.25,418.5,421.75
09-26-88,423,424,420.5,422.25
09-23-88,427,428,425,426.75
09-22-88,419.5,427,416,426.5
09-21-88,406.25,406.5,404,405
09-20-88,399,406,399,404.5
09-19-88,401,401.5,395,396.25
09-16-88,405,406.5,402,403
09-15-88,411,416.5,407,407
09-14-88,410.5,413.5,408.5,413.75
09-13-88,406,412,406,411
09-12-88,400,403.5,398,402.25
09-09-88,406,406,399.5,400
09-08-88,410,411,405,406.5
09-07-88,408,415,405.5,412
09-06-88,402,414,402,409.5
09-02-88,398.5,401,397,401
09-01-88,399,405,397.5,399.75
08-31-88,393,398,393,397.5
08-30-88,388,397.5,387.5,395.5
08-29-88,386,388,382,387.75
08-26-88,393,394,389.5,390
08-25-88,392,396,390.5,393
08-24-88,385,392,383.5,390.75
08-23-88,382.5,386,381,386
08-22-88,387.5,387.5,379,381
08-19-88,393,398,391.5,391.75
08-18-88,391.5,394.5,390,392.25
08-17-88,387.5,390.5,385.5,390.25
08-16-88,394,395,388,390.5
08-15-88,383,393,383,392
08-12-88,392,396,378,379.75
08-11-88,384.25,384.25,382,382.5
08-10-88,380.5,384,378.5,383.25
08-09-88,380,381.5,377,379.25
08-08-88,374,378,372,376.25
08-05-88,381.5,384,377.5,379
08-04-88,385,390.5,382,382.5
08-03-88,377,381,375,380.5
08-02-88,381,381,371,375.5
08-01-88,380,384,380,381
07-29-88,360,373,358.5,368.25
07-28-88,361,365.5,353,357
07-27-88,357,369.5,357,361.5
07-26-88,364,368,351.5,351.75
07-25-88,382.5,382.5,369,371.5
07-22-88,387,389.5,383.5,384.5
07-21-88,385,388,381.5,386.5
07-20-88,372.75,377,365,365
07-19-88,367,377.5,362,376
07-18-88,367,374,360,369
07-15-88,385,393,383,384
07-14-88,407,408,387,388
07-13-88,381,393,381,392
07-12-88,370,382,370,381.25
07-11-88,370,375,365,368
07-08-88,381,386,375,386
07-07-88,394,399,377,378
07-06-88,390,394,382.5,393.5
07-05-88,406,407,380,389
07-01-88,398,405,392.5,400.5
06-30-88,363.5,390,362,387
06-29-88,355.5,364.5,350,353.5
06-28-88,393,394,372,373.25
06-27-88,394,400.5,394,400.5
06-24-88,374,382,374,380.5
06-23-88,387,402,380,380.5
06-22-88,385,390,378,383
06-21-88,395,405,388,389.5
06-20-88,399,401.5,396,401.25
06-17-88,378,388.5,373,381.5
06-16-88,404,404,377,379
06-15-88,380,394,380,394
06-14-88,372,376,369.5,374
06-13-88,372.5,374,367,369.75
06-10-88,376,379.5,368.5,373.75
06-09-88,371,376,368.5,372
06-08-88,371,378,368.5,369.75
06-07-88,387,390,366,378
06-06-88,382.75,382.75,378,382.75
06-03-88,352,366,352,362.75
06-02-88,346,354.5,346,350.5
06-01-88,347,349,344,347.75
05-31-88,357.5,358.5,349,351.5
05-27-88,339.5,340.75,336.25,339.5
05-26-88,339,340.5,335.5,336.75
05-25-88,350.5,352.5,341,341.25
05-24-88,343,351,343,347.5
05-23-88,338,345.5,332.5,342.75
05-20-88,340,347,339,346.5
05-19-88,337,341.5,336,336
05-18-88,316.75,323.5,316.75,323.5
05-17-88,320.75,321,317,318
05-16-88,312.25,320.5,312,319
05-13-88,301.25,306,300.5,306
05-12-88,303,303,301.25,301.25
05-11-88,302,306,301.25,303
05-10-88,303,304.5,302,303.5
05-09-88,301.5,301.75,299,301.75
05-06-88,296.75,299,294.75,297.75
05-05-88,301.25,301.5,296.5,296.75
05-04-88,299,302,298.5,301.5
05-03-88,301.5,302,297.5,297.75
05-02-88,305.5,307.5,300,300
04-29-88,304.5,306,303,304.5
04-28-88,310.5,311.25,306,306.5
04-27-88,312,314,310.5,310.5
04-26-88,310.5,313.75,310.5,312
04-25-88,314.5,316,311.25,311.25
04-22-88,313.5,315,312.25,315
04-21-88,314.5,315.75,314,314.75
04-20-88,314.5,316.5,313.5,315.75
04-19-88,312,314.25,310.5,314.25
04-18-88,312,312.75,309,311.25
04-15-88,315,316,312.5,312.75
04-14-88,317.5,318,314,316.5
04-13-88,319.5,320.25,316.5,318.25
04-12-88,317.5,320.5,316,320.25
04-11-88,318,319.75,316.5,317.5
04-08-88,313.5,316.75,313,316.75
04-07-88,309.5,313,308.5,313
04-06-88,309,312,307.75,309.25
04-05-88,300.25,310.5,299.5,306.5
04-04-88,301.25,305,298,300.25
03-31-88,302.75,303,298.5,299.25
03-30-88,302,304.25,301.75,302.25
03-29-88,299.75,302.5,299,301
03-28-88,304.5,306.5,299,299.5
03-25-88,305,307,304,305
03-24-88,307.5,307.75,304.5,306.75
03-23-88,309.1875,309.1875,307,307.25
03-22-88,298,299.25,296.5,299
03-21-88,301,301,296.25,296.25
03-18-88,300,300.75,298.75,299
03-17-88,296.25,298.75,295.5,297.5
03-16-88,296.25,296.25,292.5,292.5
03-15-88,295.25,296,293.75,295
03-14-88,293.25,295.25,291,295.25
03-11-88,291,292.5,286.5,292.5
03-10-88,296,297.5,290,290
03-09-88,299.5,301,294.5,294.75
03-08-88,305.5,305.75,298.5,299.75
03-07-88,306,306,304,304
03-04-88,305.5,307.5,301.5,303.25
03-03-88,306,308,304,304.25
03-02-88,310,310,306,306.5
03-01-88,315.5,315.5,310.25,311
02-29-88,315.5,317,314,315.5
02-26-88,317,318.25,314.25,315.25
02-25-88,316,318.5,315,317.75
02-24-88,316,319,309.5,317
02-23-88,321,321,315,316.5
02-22-88,323,324.5,321,322.25
02-19-88,320,326,315,322
02-18-88,326.5,327,321,321.75
02-17-88,331,331,323,327.75
02-16-88,331.5,333.75,330,331
02-12-88,327,332.5,327,332.25
02-11-88,331,332,327.25,328.75
02-10-88,330.5,331.75,326.25,330.75
02-09-88,334.5,335.75,329.5,331
02-08-88,334.5,336.5,332.5,335.25
02-05-88,339,339,332.5,332.75
02-04-88,329.5,335,329,334.75
02-03-88,328.5,330,325.75,329.5
02-02-88,328,330.5,326,326.75
02-01-88,326.5,329.75,325,329.25
01-29-88,322.5,327,320.25,326
01-28-88,329,331.5,323.5,323.75
01-27-88,332,336.5,329,329.25
01-26-88,326.5,332.5,326,332
01-25-88,325.5,327.25,324.25,326.75
01-22-88,324,325.5,321.5,323.25
01-21-88,327.25,329.5,325.5,326.25
01-20-88,329,332.5,327,328.5
01-19-88,326,330.5,325.5,328.25
01-18-88,328,329.75,325.25,327.25
01-15-88,334,335.5,327,330.25
01-14-88,331,333.25,329.5,332.25
01-13-88,324.25,329.25,322.5,329
01-12-88,328.5,330.5,323.5,325
01-11-88,327.25,328.75,324,327.75
01-08-88,329.25,330.25,325.25,328.75
01-07-88,330,335,327,328.75
01-06-88,321,334.5,320.5,331.5
01-05-88,314.5,320,313.5,320
01-04-88,311.5,314.25,311.25,314.25
12-31-87,309.75,311.75,309.25,310.75
12-30-87,308,310.5,307,309.25
12-29-87,307,309,306.5,309
12-28-87,315,316,306,308.25
12-24-87,318.75,318.75,315,315.25
12-23-87,318.5,321,317.25,318.75
12-22-87,319,321.25,318.25,319.5
12-21-87,313,313,310.25,310.75
12-18-87,303.5,312,303.5,312
12-17-87,301,302.5,301,302
12-16-87,302.5,302.5,300,302.25
12-15-87,311,311,304,304
12-14-87,308.25,311,308.25,310.75
12-11-87,306.5,308.5,305.5,308.5
12-10-87,306,308.5,305,305.25
12-09-87,306,306.5,303.5,306
12-08-87,305,306.5,301,305.5
12-07-87,307,308.75,306.5,307.25
12-04-87,308,312,307.5,309
12-03-87,307,310,305,310
12-02-87,308.5,309.5,306,306.75
12-01-87,307,309,305,309
11-30-87,305.5,310,304,309.75
11-27-87,301.5,304,299,303.5
11-25-87,305.5,305.5,301,301
11-24-87,304,306,302,305
11-23-87,296.75,304,295,302.5
11-20-87,294.75,296.5,293,296.5
11-19-87,295.5,296.5,292.5,293
11-18-87,295,296.5,294.5,295.5
11-17-87,288,295.5,288,293.25
11-16-87,285,287.5,283.75,287.5
11-13-87,290,293,285.25,285.5
11-12-87,290,291.5,289.25,290
11-11-87,288,291.25,287.75,288.75
11-10-87,286.25,288.75,286,287.25
11-09-87,286,286,282,284.5
11-06-87,286.25,286.25,283.5,285.75
11-05-87,284,287.25,283.5,285.5
11-04-87,281.75,284.25,280,284
11-03-87,288,288,280.75,282.25
11-02-87,293.5,294.5,288,288.25
10-30-87,297,298.5,296,296.5
10-29-87,294.75,297,293,296.25
10-28-87,295.5,297.75,294,295.75
10-27-87,299.75,301.5,295,296.75
10-26-87,298.5,298.5,295,297.75
10-23-87,301.5,304.25,299.5,300.25
10-22-87,296,302,295.5,302
10-21-87,297.5,302.5,297.5,302.25
10-20-87,297.5,300.5,290,296.75
10-19-87,309,309.5,292,295
10-16-87,307.5,308.5,305.5,306.25
10-15-87,311.5,312.5,307,309
10-14-87,310,315,308,311.75
10-13-87,305.5,310,305.25,310
10-12-87,301.5,308,299.5,308
10-09-87,307,308.5,301,303
10-08-87,297.75,306.5,297.5,304.25
10-07-87,295.5,297.75,294.25,297
10-06-87,297.5,298.25,294.5,296.25
10-05-87,298,299.75,296.25,298.5
10-02-87,298.5,301,297,299.75
10-01-87,292.5,299,292.25,298.5
09-30-87,292,293,288.5,289.25
09-29-87,291.5,293,289,292
09-28-87,293.5,295.5,290,291
09-25-87,292.75,295.25,292.75,294.5
09-24-87,292,294.25,290.5,292.5
09-23-87,294.25,296.5,291.5,292.5
09-22-87,300.5,302.25,295.75,296.75
09-21-87,285,291,285,289.75
09-18-87,282,285.75,281.5,285.75
09-17-87,285.5,285.5,282,282.5
09-16-87,281.5,285,280,285
09-15-87,284.25,284.25,281,282.5
09-14-87,280,284.5,280,284.25
09-11-87,281,283.5,280.5,281
09-10-87,282.5,283.25,280.75,282.75
09-09-87,281,283.75,280.5,283
09-08-87,274.5,281.25,273,281.25
09-07-87,274,275,273.25,275
09-02-87,277.75,278,274.5,274.75
09-01-87,273,276.5,272.25,276
08-31-87,274.5,275.5,272.75,274
08-28-87,277.5,278,275.25,276.75
08-27-87,277.25,278.75,276.75,278.75
08-26-87,276.5,278,276,277.75
08-25-87,272.5,275.75,272,275.5
08-24-87,274,275.5,272.5,273.75
08-21-87,270.5,274.75,269.75,274
08-20-87,273.5,274.25,269.75,270
08-19-87,272.5,274.5,271,274
08-18-87,273.5,274,270.5,270.75
08-17-87,271,272,269,272
08-14-87,266.5,270,265.25,269.5
08-13-87,269.5,270,266.25,266.5
08-12-87,265,269.25,264,268.75
08-11-87,266.5,268,264.5,267.75
08-10-87,258,263.5,257.5,263.25
08-07-87,257.5,259.5,257.25,258
08-06-87,259.5,262,259,259.25
08-05-87,262.25,262.25,257.5,260.75
08-04-87,262,264.5,261,262
08-03-87,261,264.75,260,262.5
07-31-87,259,262.5,259,261.25
07-30-87,257,258.75,255,258
07-29-87,259.5,259.5,256,257
07-28-87,259.5,260,258,258.25
07-27-87,257,259.25,255.25,258.25
07-24-87,258.5,259.5,256.5,256.75
07-23-87,261.5,262.5,258.25,259.75
07-22-87,250,253,248,252.25
07-21-87,252.5,252.75,248,249
07-20-87,256,256,251.5,253
07-17-87,256,257,251,252
07-16-87,260.5,260.5,257,257
07-15-87,262,262.5,260.25,261
07-14-87,263.5,264.5,261,261.5
07-13-87,259,262.25,259,262
07-10-87,263.25,263.75,260.5,261
07-09-87,261.5,264.5,261.5,262.75
07-08-87,265,266.75,260.5,260.5
07-07-87,270.75,271,265.25,265.5
07-06-87,263,270,263,268.75
07-02-87,259.5,263.75,259,263.75
07-01-87,257.25,258.5,255.75,257.75
06-30-87,253,257.25,253,256.25
06-29-87,257,258.25,254,254.5
06-26-87,262.5,263.75,259.25,259.75
06-25-87,265.75,265.75,262.75,263.25
06-24-87,264,267,264,266.25
06-23-87,261,263.5,260.25,262.75
06-22-87,260,263.25,257,260.5
06-19-87,264.5,266.5,263.25,263.75
06-18-87,265.25,267.5,264.5,265.25
06-17-87,266,269,264,266
06-16-87,272.25,274.5,269,272.25
06-15-87,267.5,277.5,266.5,275.75
06-12-87,264.5,265,262.5,263.5
06-11-87,267.25,268,264.5,265.25
06-10-87,264,267.5,262.5,266.25
06-09-87,262.5,265,262,264.25
06-08-87,265,267.5,261.5,261.75
06-05-87,270,270,264.25,265.25
06-04-87,272,273,270,270.25
06-03-87,269.5,274.5,269.5,272.25
06-02-87,277.5,278,270.5,271.25
06-01-87,274,275,270.75,274.75
05-29-87,277.5,281.5,273.5,274.25
05-28-87,289,290.25,279.5,280.25
05-27-87,290.5,294,288.25,288.75
05-26-87,284,291,282,289.75
05-22-87,289,290,285.5,287.75
05-21-87,290,291.5,288,290
05-20-87,289,293.75,279,290.5
05-19-87,299,302,295,295.5
05-18-87,301,301,295,295
05-15-87,308,308,304,305
05-14-87,308.5,310,304,309
05-13-87,310,314,306.5,313
05-12-87,320,329,312,319.5
05-11-87,306.5,325,306,319
05-08-87,304,305,300,305
05-07-87,298,305.5,298,304
05-06-87,293,295.5,289,295.25
05-04-87,288.25,292,287.25,292
05-01-87,291,291,288,289.5
04-30-87,286,289,285,289
04-29-87,282,285.5,282,284.5
04-28-87,278,283.5,278,282.5
04-27-87,280.5,281,276,280
04-24-87,281,281.25,275.5,279
04-23-87,279,282,278,279.75
04-22-87,277.5,278.5,273.5,277
04-21-87,280.5,282,276,278.5
04-20-87,285.5,287.5,282.5,282.5
04-16-87,284.5,288,280,286.75
04-15-87,280,285.5,280,285.25
04-14-87,282,286,280,281.75
04-13-87,282.5,283,276,278.5
04-10-87,287.5,288.75,285,285.25
04-09-87,289.75,290.5,287,289.25
04-08-87,287,290,286.5,289.5
04-07-87,286.5,289,286.25,288.75
04-06-87,281.5,286.5,280.75,286.25
04-03-87,278,281.5,277,281.25
04-02-87,279,279.5,276,276.5
04-01-87,286,286.5,277.5,278
03-31-87,288,288.25,284,284.5
03-30-87,291,292,286.5,288.5
03-27-87,284.75,292.5,283.75,290.25
03-26-87,285.75,287.75,284,285.25
03-25-87,286,288.5,285.25,286.25
03-24-87,281.25,286.75,281,285.25
03-23-87,281.25,283,280.5,281
03-20-87,292.5,292.5,289.5,291.75
03-19-87,290,292.75,290,292.5
03-18-87,290.5,292,289.5,291
03-17-87,288.5,292.5,288.5,291.75
03-16-87,291,291,289,289.25
03-13-87,294.75,295.25,291.25,292
03-12-87,297.5,297.5,293.5,293.75
03-11-87,296,298,293,297.5
03-10-87,298,298,294.5,296.75
03-09-87,295.5,298,291.5,298
03-06-87,298.5,298.5,291.5,296.25
03-05-87,290,297.25,289.75,297
03-04-87,285,290,284,290
03-03-87,288.5,288.5,283,284.75
03-02-87,284.25,288.75,284,287.25
02-27-87,278,285,278,282.75
02-26-87,280.5,281,277.25,278.25
02-25-87,277.5,282.5,277,278.5
02-24-87,280.5,283,278.5,280.5
02-23-87,286.5,287,278.5,279.25
02-20-87,282,290,281,288.75
02-19-87,277.75,280.25,277.5,279.75
02-18-87,278,279.5,276,277
02-17-87,273.5,277.5,273,276.75
02-13-87,273.25,274.75,272.25,272.75
02-12-87,276.75,278.25,272,272.5
02-11-87,281,281.25,278,278.25
02-10-87,285.5,286.5,282,282.25
02-09-87,287.5,287.5,284.5,285
02-06-87,285.5,289.5,284.25,288
02-05-87,289,289,284.5,286.5
02-04-87,288.75,290.25,287.75,289.5
02-03-87,287.5,289.25,287,288.25
02-02-87,287.75,288.5,286.25,287.75
01-30-87,289.25,289.75,286,288.25
01-29-87,287.5,290.5,286.5,290.5
01-28-87,288.75,289,287.5,288
01-27-87,291.75,293.75,288.25,289
01-26-87,290.5,293.25,288.75,293.25
01-23-87,287,292,286.25,291
01-22-87,288.25,290,286.25,286.5
01-21-87,284.5,289,282.5,288.25
01-20-87,283.25,286,282.5,284
01-19-87,283,284,281.25,282.75
01-16-87,282.5,285,282.5,282.75
01-15-87,282.75,284.5,282,283.5
01-14-87,281.5,283,280,283
01-13-87,279,281.75,278.25,281.25
01-12-87,279,279.5,276,278.25
01-09-87,275.75,278.5,275.25,277.75
01-08-87,275.5,279,275.5,277
01-07-87,269,276.75,269,276.25
01-06-87,269.75,271.5,267.5,268.25
01-05-87,272,272.5,269,270.25
12-31-86,274.75,275.5,273.5,274.5
12-30-86,272.5,274.75,271.5,274.25
12-29-86,276.5,277.25,272.25,273.25
12-26-86,276,277.75,275.5,275.75
12-24-86,276,277,275,275.75
12-23-86,276.5,279,275.5,275.75
12-22-86,272.25,277.5,272.25,277.25
12-19-86,280.5,282,261.5,261.75
12-18-86,277,279,276,279
12-17-86,280.5,280.5,278,278
12-16-86,282.5,282.5,279,279.75
12-15-86,280.75,282.5,280.75,282.5
12-12-86,278.75,281.5,278.25,279.75
12-11-86,279.5,283,279.5,279.5
12-10-86,282,282.75,279.5,279.75
12-09-86,285,285,279,279
12-08-86,288.75,288.75,283.5,284.75
12-05-86,282.75,285.5,282,285
12-04-86,288.5,289.75,283,283.5
12-03-86,289,289,286.5,288.75
12-02-86,289,290.75,288.5,289.75
12-01-86,291,294,289.5,293.5
11-28-86,287,292,287,292
11-26-86,281,287,279,286.75
11-25-86,281,281.75,277.5,280.25
11-24-86,279,281.5,279,280
11-21-86,282.5,282.75,277.5,278.75
11-20-86,285.75,286.5,282.25,282.75
11-19-86,287,287.25,284,285.75
11-18-86,284,286.75,283,286.5
11-17-86,281,287,280.5,286.5
11-14-86,282,282.75,280.5,282
11-13-86,283,283.5,280,282.25
11-12-86,278,283.25,277.5,283
11-11-86,280.5,281.25,277,277.5
11-10-86,288,291,282.5,282.75
11-07-86,286,288.75,284.75,288.5
11-06-86,291.75,292.5,286,286.5
11-05-86,289.5,293.5,288.25,293.25
11-04-86,290,292.75,290,290.75
11-03-86,285.5,291.75,285,289.25
10-31-86,289.75,290.5,286,287
10-30-86,283.25,291.5,282.5,290.75
10-29-86,286,286,282,283
10-28-86,294,294.75,287,287.5
10-27-86,288.5,294.75,285.75,294.25
10-24-86,286.5,288.25,284,288
10-23-86,289,289.25,285.5,286.75
10-22-86,289.5,290.5,287,290
10-21-86,284.5,289.75,282.5,289.75
10-20-86,278,284,278,283.25
10-17-86,275.5,277.25,274,276.75
10-16-86,275.5,276,272.5,275
10-15-86,278.5,279,275.5,277
10-14-86,278,280,276,280
10-13-86,271.5,278.5,271,278
10-10-86,273,274.25,271.25,273
10-09-86,268.5,273.75,268.5,273.5
10-08-86,266,268.25,264.5,267.25
10-07-86,263,268.5,262.5,265.75
10-06-86,266.5,267,262.5,264
10-03-86,272.5,274.25,266.5,268.25
10-02-86,269.5,274.5,268.5,273.75
10-01-86,265.25,270,264.25,269.5
09-30-86,270,270.5,265,265.25
09-29-86,264.5,268,264.5,267.75
09-26-86,260.25,264,260.25,264
09-25-86,259.75,261,258.5,260.75
09-24-86,263.5,265,259,261
09-23-86,257,263,257,262.25
09-22-86,262.5,263,257,257.25
09-19-86,256.5,258,253,253
09-18-86,259,259,255.5,256.25
09-17-86,261.5,261.5,257,259.5
09-16-86,259,263.5,259,262
09-15-86,256,259,256,258.5
09-12-86,255.5,259,255,257.75
09-11-86,251,255.25,251,253.5
09-10-86,256,256,251.5,251.75
09-09-86,257.5,258,254.5,256.25
09-08-86,260.5,260.5,256.75,258
09-05-86,260.5,263,260,260.5
09-04-86,259.75,262.25,259,260.5
09-03-86,253.25,260.5,253,259.75
09-02-86,258,259,253.75,254.5
08-29-86,253.25,258.5,253.25,258.5
08-28-86,249.75,255,249.75,254
08-27-86,247.5,250.25,245,248.75
08-26-86,249.5,250,247,247.25
08-25-86,251.5,252.5,248.75,250.75
08-22-86,252.5,253,250.5,251.5
08-21-86,250.5,251.75,249.75,251.5
08-20-86,252,253.5,251,251.25
08-19-86,258,258,253.5,253.75
08-18-86,256.5,258.75,255,258.25
08-15-86,258.5,259,255.5,257.75
08-14-86,255.5,258.5,254.5,258.5
08-13-86,251.5,255,250,254.25
08-12-86,255.5,256.25,253,253.25
08-11-86,257,258.5,256.5,256.5
08-08-86,261.5,261.5,258,258.5
08-07-86,261.75,263,260.75,261.75
08-06-86,257.5,261,256,260.75
08-05-86,260,260,257.25,257.5
08-04-86,262,267,260.5,262.75
08-01-86,257,265.5,252.25,263
07-31-86,257.5,258,255,257.5
07-30-86,261,264.75,259.75,260.75
07-29-86,259.5,262,258,261.5
07-28-86,257.5,262,255.25,260.25
07-25-86,254.5,258.5,253,256.5
07-24-86,260.25,260.5,254.5,256.25
07-23-86,260,263,258.25,260.25
07-22-86,265.5,265.5,252,258
07-21-86,262,267,262,265
07-18-86,269,273,261.5,261.5
07-17-86,271,275,271,271.5
07-16-86,266.5,276,263,274
07-15-86,270.5,274.5,265,266.5
07-14-86,263.5,271,262.5,269.75
07-11-86,259,265,258,263.5
07-10-86,253,258,251.5,257.75
07-09-86,251,253,250.25,252.75
07-08-86,246.5,252.5,246,248.5
07-07-86,248,249,245.25,245.5
07-03-86,247,250,247,250
07-02-86,246,248.75,244,245.75
07-01-86,250.5,250.5,245.5,246.5
06-30-86,255.75,256.25,251,251.75
06-27-86,256,257,254.5,256.25
06-26-86,253.5,259,253.5,256.5
06-25-86,252.5,254.25,251.5,253.5
06-24-86,251,256.75,250.5,252.75
06-23-86,244.5,251,244.5,249.5
06-20-86,247,248.5,245.5,245.75
06-19-86,244,249.5,244,246.75
06-18-86,243,245.75,243,243.75
06-17-86,243,248,241.5,242.75
06-16-86,245.5,246,243,243.25
06-13-86,247.5,248,245.5,245.75
06-12-86,251,251,246.25,247.75
06-11-86,255,256.5,252,252.5
06-10-86,250,253.5,249.5,252
06-09-86,251,253,248.5,250.25
06-06-86,256,257,253,254.5
06-05-86,253.5,256,250.25,255.75
06-04-86,249.5,253.75,247.5,252.75
06-03-86,255,256,249,249.25
06-02-86,249.5,255.5,249,253.75
05-30-86,247,250,246,248.5
05-29-86,251,251,246.5,247
05-28-86,256,256.25,251.5,252.25
05-27-86,256,258.25,254.5,255.5
05-23-86,256,257.5,254.5,255.75
05-22-86,260,260,254.25,257.25
05-21-86,258,262,257,261.5
05-20-86,340,358,338,358
05-19-86,334,338,330,338
05-16-86,334,340,332,333
05-15-86,336,343,332,333.75
05-14-86,344,344,334,336
05-13-86,343,347.5,338,345
05-12-86,342,347,339,342.5
05-09-86,355,360,346,350.5
05-08-86,350,354.75,345,349
05-07-86,330,336,329,334.75
05-06-86,315.5,334,315.5,333.5
05-05-86,311,319.75,311,315.5
05-02-86,306,312,300,311
05-01-86,323,323,308,312
04-30-86,316,328,312,328
04-29-86,295.5,315.5,294.5,308
04-28-86,288.5,298,287.25,295.5
04-25-86,288,289.5,286.5,289
04-24-86,284,287.25,282.75,287
04-23-86,280.5,284,277.5,283.25
04-22-86,279,283.5,276.25,277.25
04-21-86,283,283.5,275.5,279.25
04-18-86,287,289,282.25,283.5
04-17-86,280,286,279.5,284.75
04-16-86,282,282,276.25,280.5
04-15-86,289.5,291.5,279.5,280.25
04-14-86,285,290.5,285,289.75
04-11-86,286,289.5,284.25,286.25
04-10-86,295.75,298,285,286.75
04-09-86,293.5,296,291.25,296
04-08-86,301.5,303.75,292.5,293.5
04-07-86,309.5,313.25,300,300.5
04-04-86,305.5,311.25,305,310.5
04-03-86,304,309.75,303.25,305.25
04-02-86,305.5,307,303.5,305.25
04-01-86,303.25,307.75,303.25,305.75
03-31-86,301,306,298.5,304.25
03-27-86,309,309,302.5,303.5
03-26-86,311.5,311.5,304.5,308.5
03-25-86,307,312,307,311.75
03-24-86,309,309,304,306
03-21-86,311.5,312,307.5,309.75
03-20-86,304.5,311.75,304.5,310.25
03-19-86,359,371,357,370
03-18-86,349.25,359.25,349.25,358
03-17-86,351.5,353,348.75,349
03-14-86,348.75,352,346.75,350.25
03-13-86,348,348,342.5,347.75
03-12-86,347.5,350.5,345,348
03-11-86,351,352,346.5,347
03-10-86,349.5,351,347.5,351
03-07-86,346,350.75,344.5,347.75
03-06-86,342,346.5,342,344.5
03-05-86,340.5,342.5,340,341
03-04-86,341,345,339.5,341.25
03-03-86,337,340,335.75,339.75
02-28-86,338,339.5,335.5,337
02-27-86,334.5,339,334.5,337.5
02-26-86,333.5,335,332,334.75
02-25-86,336.5,337,332,333.25
02-24-86,333.5,335,330,334.75
02-21-86,332.5,335,329.5,333.75
02-20-86,328,333,328,331.75
02-19-86,336.5,337.5,325.5,326
02-18-86,330,336.25,329.75,336
02-14-86,335,335.5,329.5,330.5
02-13-86,334,335.5,331.75,335.5
02-12-86,334.5,336,331.75,332
02-11-86,326.5,334.5,324.25,333.75
02-10-86,324.75,326.5,322.5,326.25
02-07-86,321.5,325.75,320.75,324.75
02-06-86,326,327.75,321.5,322.75
02-05-86,324.5,328,322.75,326.5
02-04-86,320.25,324.5,320,324.25
02-03-86,326,326,321,322.25
01-31-86,328,328.75,324.5,327.25
01-30-86,327,329,325,328.75
01-29-86,326.5,327,320.5,324.25
01-28-86,322.25,326,322.25,325.25
01-27-86,315,323.75,315,322
01-24-86,327,327,317.5,317.75
01-23-86,323.5,326,322.5,325.75
01-22-86,318,322.5,315.75,322
01-21-86,324.5,324.5,317,317.75
01-20-86,326,326.5,323.25,325
01-17-86,326.75,328.75,324,327.25
01-16-86,325.5,329,323.25,327.25
01-15-86,326.5,328.25,322,323.5
01-14-86,325,327,318,324.5
01-13-86,336,336.25,322,325
01-10-86,335.25,337,334.5,336.75
01-09-86,332.5,336,331,335.25
01-08-86,334,334.75,331.75,333
01-07-86,334,335.5,333,334.25
01-06-86,331,333.5,328,331.75
01-03-86,336.5,337.5,330,330.25
01-02-86,341,342.5,338.75,339.5
12-31-85,345.25,346,343,343.25
12-30-85,346,347,343,345.25
12-27-85,344,346.5,342.5,346.25
12-26-85,342,345,340.25,344.5
12-24-85,337,339,335.5,338.75
12-23-85,341,341.5,337.5,337.75
12-20-85,342,342,338.5,341.5
12-19-85,339.5,342.25,338.75,341.25
12-18-85,345.5,346.5,338,340
12-17-85,348.5,348.5,345.25,346.5
12-16-85,346,350,345.25,348.75
12-13-85,346,348,343.75,346
12-12-85,347,348.5,343.5,347
12-11-85,344,347.5,342.5,346.5
12-10-85,342.5,343.5,340,342.5
12-09-85,344,345,339.25,341
12-06-85,340,347,340,344
12-05-85,342.5,342.5,339.25,340
12-04-85,342.25,345,338.25,344.75
12-03-85,337,342,336.5,341.25
12-02-85,336,338,332.25,337.75
11-29-85,330,335,330,334.75
11-27-85,328.25,329,324.5,328
11-26-85,329.5,330.5,325.5,327.5
11-25-85,334.5,334.5,326.25,329.25
11-22-85,338,338,333.5,334.75
11-21-85,340,341,336,337.5
11-20-85,346.5,346.5,337.5,344.25
11-19-85,340,346.5,340,344.75
11-18-85,340,342,337.5,338.5
11-15-85,337,341,335,340.5
11-14-85,338.25,339.25,337,338.25
11-13-85,334,340.5,334,339
11-12-85,328.5,332.25,328,331.75
11-11-85,328,329,325.75,329
11-08-85,323.75,328.5,323.5,326.75
11-07-85,323,325.25,322,324
11-06-85,323.5,325.5,321.25,323.75
11-05-85,324.75,325.25,322,324
11-04-85,324,327.25,323,325.25
11-01-85,322.75,325,321.5,324.75
10-31-85,319,326,319,323.75
10-30-85,318.5,318.75,315,316.75
10-29-85,317.5,319.25,316.5,318.25
10-28-85,319.5,323.25,317,317.5
10-25-85,317,319.75,316.5,319.5
10-24-85,315.5,319,315.5,317.75
10-23-85,317.75,318.75,316,316.75
10-22-85,314.5,319.5,313.5,318.25
10-21-85,313.25,314.75,311,314.25
10-18-85,313.5,314,312,313.25
10-17-85,307.5,315.25,307.5,314
10-16-85,303,307.25,302,305.25
10-15-85,303.25,305.25,302,303.5
10-14-85,302.5,304.75,299.75,304.5
10-11-85,303.5,305.5,300,303.5
10-10-85,305.25,306.5,302.5,303.75
10-09-85,302,305,299,304.25
10-08-85,295,303.5,295,302.5
10-07-85,292.5,293.5,290.5,293
10-04-85,296.5,296.75,292.5,293.75
10-03-85,297.75,298,295.25,295.5
10-02-85,302,302.25,297.25,298.25
10-01-85,297.5,302,297,301.5
09-30-85,300.5,302,296.5,297
09-27-85,296.25,301.5,295,300.5
09-26-85,299.5,299.75,296,297.75
09-25-85,298.75,303.25,297.75,300.5
09-24-85,290,299.5,288.75,299.25
09-23-85,289,292.5,288.5,291.5
09-20-85,289.75,290,285.5,286.5
09-19-85,284,284,280.25,281.5
09-18-85,286.5,286.5,282,283.5
09-17-85,281,285,281,282
09-16-85,278.5,282,276.5,280.75
09-13-85,280,280.75,277.25,278.5
09-12-85,280,284,278.75,280.5
09-11-85,277.5,280.5,276.75,279
09-10-85,275.5,276.5,271.5,276
09-09-85,282.5,282.75,275.5,275.75
09-06-85,278,283.25,277.75,283
09-05-85,277,281.75,274.75,279
09-04-85,275,277,271.5,277
09-03-85,275,280,274.5,274.75
08-30-85,270,276,269.25,274.5
08-29-85,267,269,264.5,267.25
08-28-85,274.5,274.5,269,269.25
08-27-85,275,275.75,272.5,274
08-26-85,282.5,282.5,277.25,277.5
08-23-85,286.25,288,283.5,283.5
08-22-85,285.5,285.75,281.5,285.75
08-21-85,279.75,285.25,279.75,283.75
08-20-85,285.5,286.5,280,280.25
08-19-85,292,292,287.5,287.75
08-16-85,298.5,298.5,293,293.5
08-15-85,295.75,298.5,295,298.25
08-14-85,291,296.5,291,294.25
08-13-85,289,292.5,288.25,291.25
08-12-85,285.75,290,285.25,289
08-09-85,283.25,286.25,280.5,285.75
08-08-85,288,288,282.5,284.25
08-07-85,287.5,289.75,286.75,287.75
08-06-85,286.5,288,283.75,286.5
08-05-85,288,288.75,283,287.5
08-02-85,292,293,285.25,288.75
08-01-85,295,296.75,290.75,291.25
07-31-85,296.75,297,289.5,295.25
07-30-85,297,299,294,295.5
07-29-85,296.25,301.5,295.5,296.75
07-26-85,297.5,300,295.25,295.5
07-25-85,293.5,298,293,297.25
07-24-85,299.5,301,292.5,293
07-23-85,306,306.75,301,301
07-22-85,298,299,297.25,297.75
07-19-85,299.5,300.5,298.75,299
07-18-85,302,302,298.75,299.5
07-17-85,304,304.5,300.5,302
07-16-85,306.5,308.5,302.25,302.25
07-15-85,309.25,310,305.75,306.75
07-12-85,311,312,310,310.25
07-11-85,310.5,312.5,309,309.25
07-10-85,311.75,312.75,310.75,311
07-09-85,312,315.5,310.5,310.75
07-08-85,317,317,313.5,314
07-05-85,314.25,318,314.25,317
07-03-85,315.5,316.25,313.5,313.5
07-02-85,318.75,318.75,314.5,314.75
07-01-85,318.25,320.5,318,318.5
06-28-85,320,321.5,318,318.25
06-27-85,320.5,323.25,320,320.25
06-26-85,323,323.75,321.25,321.5
06-25-85,323.5,324.25,322.25,323.25
06-24-85,325.5,326,324,324.25
06-21-85,329,329.75,326.5,326.5
06-20-85,326.75,330,326.5,329.5
06-19-85,327,327.5,326,326.75
06-18-85,327.5,328.25,327,327.5
06-17-85,325,327,325,326.75
06-14-85,327,328.5,325.75,326.75
06-13-85,327.75,328.75,325.25,327
06-12-85,323,328.5,323,328
06-11-85,323,325,321,323
06-10-85,319.25,322,318.75,321.75
06-07-85,320.5,321.75,318.25,319.5
06-06-85,322.5,323,319,320.25
06-05-85,320,323.5,319.5,322.5
06-04-85,315.75,320,315.5,319.25
06-03-85,315.25,316.5,314.25,316
05-31-85,316,317,314,315
05-30-85,313,317,312.75,315.75
05-29-85,313,314.25,312.5,312.5
05-28-85,314.25,314.5,312.25,312.75
05-24-85,319.25,319.25,315.75,316.25
05-23-85,317.75,319.5,317.25,319.5
05-22-85,315.75,318,315.5,318
05-21-85,338.5,339.75,319.75,321
05-20-85,341.25,343,337.75,339.75
05-17-85,342,343,341.5,341.75
05-16-85,342.25,342.75,340,341.5
05-15-85,341.5,343,337.25,342.25
05-14-85,347.5,347.5,341,342.25
05-13-85,347,349.5,345,348
05-10-85,339.5,346,339.5,345.75
05-09-85,340.5,340.75,337,340
05-08-85,338,341.75,338,339.25
05-07-85,340,342.5,337.25,339.25
05-06-85,334.5,340,334.5,337.75
05-03-85,343.25,343.25,336,336
05-02-85,344,348,340.5,342.5
05-01-85,349,349.5,343.5,345.25
04-30-85,346,349,345,349
04-29-85,348,351.5,346.25,347.5
04-26-85,351,353,346.75,348
04-25-85,352,353.5,349,350.75
04-24-85,348,353,347,352.75
04-23-85,353.5,354,347,347.5
04-22-85,355,356.25,352.75,355.75
04-19-85,351,356,350.25,356
04-18-85,353.75,355.5,348.5,352.25
04-17-85,360.25,361.5,351.5,353.75
04-16-85,363.5,366.25,361.5,361.75
04-15-85,362,365,360.5,363.75
04-12-85,363.5,366.5,362,362
04-11-85,367.5,368.75,363,364.5
04-10-85,367.5,368.75,364,366.75
04-09-85,369.5,371.5,364.75,367.75
04-08-85,364,371,362.75,370.75
04-04-85,357,364.5,356,364.25
04-03-85,358,360.5,356.5,357.5
04-02-85,352,358.25,351.5,358
04-01-85,355.25,355.25,352.25,352.5
03-29-85,357.25,357.5,355,356.5
03-28-85,358.75,358.75,355.25,357.5
03-27-85,357.5,360,356.5,359.25
03-26-85,361,361.25,354.75,356.75
03-25-85,354.5,361,354,360.25
03-22-85,348,358,346,357.25
03-21-85,345.5,349.25,345.5,348.5
03-20-85,365,374,363,373.5
03-19-85,361.75,364,360,364
03-18-85,357,361,356.5,359.25
03-15-85,354.5,356,353.25,355.75
03-14-85,347,351.5,347,351
03-13-85,345.5,348.25,344.5,348
03-12-85,346,347.5,344.75,345.25
03-11-85,346,347.25,344.75,347
03-08-85,347.5,347.75,345.5,345.75
03-07-85,348.5,348.5,346,347.5
03-06-85,348,350.25,347.5,349.25
03-05-85,347.25,348,345.25,347.25
03-04-85,347,348.75,347,348.5
03-01-85,346,348,345.75,347.25
02-28-85,345,347,344,346.25
02-27-85,349.5,349.5,345,345.5
02-26-85,345.5,347.75,344,347.5
02-25-85,348,348,344.5,345.75
02-22-85,348,350.75,347.5,349.25
02-21-85,345.5,348.5,345.5,348.25
02-20-85,345.75,346.25,343.5,345.5
02-19-85,346.25,346.5,343,345.75
02-15-85,346.5,349.5,346,346.75
02-14-85,352,352,345.25,345.75
02-13-85,356.5,357,351,353.25
02-12-85,359,359,354.75,357.5
02-11-85,356.75,359.75,356.25,359.5
02-08-85,353,357.75,352.5,357.5
02-07-85,353.5,356.25,353.25,354
02-06-85,357.25,358.5,353.75,354
02-05-85,357.25,358,355.5,357.75
02-04-85,354,358.75,353.5,358.25
02-01-85,350,355,349.5,354.5
01-31-85,352.75,354.75,349.5,350.75
01-30-85,348.5,353,348.5,352.25
01-29-85,345.5,349.25,345,348
01-28-85,346.5,346.5,344.25,345.5
01-25-85,344.75,347,343.5,346.75
01-24-85,349,349,344.25,344.5
01-23-85,348.5,349.75,347.75,349.5
01-22-85,348.25,351.5,347.25,349.5
01-21-85,350.75,351,348.25,349
01-18-85,351.5,352,349.5,350.75
01-17-85,353,353.75,350.25,352.75
01-16-85,354.25,355.25,351.75,353.5
01-15-85,351.25,354.25,351.25,353.75
01-14-85,348,351,347.5,350.75
01-11-85,350.75,352,348.25,349
01-10-85,345,351,345,350.25
01-09-85,341.5,346.25,341,345.5
01-08-85,341,342.75,340.25,340.5
01-07-85,340,342.5,337.75,341.5
01-04-85,342.5,343.75,340.75,341.5
01-03-85,346.25,347,343.75,344
01-02-85,346.75,347.5,345.75,346.25
12-31-84,347,348,345.5,347.75
12-28-84,345.5,347.25,345.5,346.75
12-27-84,347,347,344.25,345
12-26-84,345.5,349.25,345.25,347.5
12-24-84,346.5,346.5,345,345.25
12-21-84,345.5,346.75,345,346.5
12-20-84,344,344.25,342.25,344
12-19-84,347.5,348.5,345.25,346.25
12-18-84,343,348.25,343,347.75
12-17-84,344,345.25,342.25,343.25
12-14-84,341,345,341,345
12-13-84,338.25,342.75,338.25,340.5
12-12-84,342,342.5,338,338
12-11-84,347.75,348,342,342.25
12-10-84,348.5,348.5,345.25,346.75
12-07-84,353,353,347.5,347.75
12-06-84,354.5,357,352,354.5
12-05-84,351,357.25,351,354.75
12-04-84,352,352.75,351.25,351.75
12-03-84,353,353.25,350.5,351.75
11-30-84,354,354,350,353.25
11-29-84,355.5,357,355.25,355.75
11-28-84,356.25,357.5,354,356
11-27-84,359.5,361.5,356,356.75
11-26-84,360.25,361,360,360.5
11-23-84,361,363,358.5,361.75
11-21-84,359.5,361.5,357.5,361.25
11-20-84,356.5,360,356.5,359.75
11-19-84,354.5,357.5,354.25,357.25
11-16-84,355.5,357.75,355,356
11-15-84,351,355.5,351,355
11-14-84,353,353.5,351,351.75
11-13-84,358,358,352.5,354.25
11-12-84,362,362.75,358,358.25
11-09-84,360,362.25,360,361.25
11-08-84,363,363,360.25,361
11-07-84,366,366.25,363,364.75
11-06-84,362,367.5,361.5,365.5
11-05-84,359.5,362.5,358.75,362.25
11-02-84,364,364.25,359.5,360.75
11-01-84,363,364.25,361.75,364
10-31-84,363.5,364.75,360.25,362.5
10-30-84,360,365,359.5,362.75
10-29-84,358,360,357.25,359.5
10-26-84,362,362,358.75,360
10-25-84,361,363,360,363
10-24-84,363.5,364.75,360,364.5
10-23-84,357,361,355.5,360.75
10-22-84,353.25,358,352.5,356.5
10-19-84,349,353.25,348.5,352.5
10-18-84,348.5,350,347.75,349.5
10-17-84,350,351,347.5,349
10-16-84,347,350.5,345.75,350.25
10-15-84,347,348.5,346.25,346.5
10-12-84,350.5,350.5,346.25,347.75
10-11-84,351.5,352.5,349,349.25
10-10-84,349.5,352.5,349.25,351
10-09-84,349,349,347.5,349
10-08-84,348.5,349.5,347.5,348.75
10-05-84,345.5,349,343.5,348.5
10-04-84,347.5,347.75,346,346.25
10-03-84,350.5,351.5,347.25,347.75
10-02-84,348,352,347.25,349.5
10-01-84,346,348,345.5,347.5
09-28-84,347,347.25,344.25,347
09-27-84,347,348,344.25,348
09-26-84,350.5,350.5,346.25,346.75
09-25-84,352,352.5,350.5,350.75
09-24-84,353,353.5,350.25,352.5
09-21-84,344.5,352.25,344.5,351.5
09-20-84,347.5,349.75,347,348.75
09-19-84,339,340,334,337
09-18-84,337,339.25,337,338.25
09-17-84,339,339.75,334.25,334.25
09-14-84,344.75,345.5,337.5,339.25
09-13-84,346,347.5,344,345.75
09-12-84,349,349.75,347.5,349.5
09-11-84,350,350.5,346.25,348.5
09-10-84,349.5,350.5,348,350.25
09-07-84,348,352,347.25,348.5
09-06-84,346.75,350.75,346.75,349.75
09-05-84,345,349.5,342.75,346.5
09-04-84,340.25,343.5,337.5,343.5
08-31-84,343,344.25,340.5,342.25
08-30-84,337.5,342,337.5,341.75
08-29-84,343.75,344.25,335.25,335.25
08-28-84,344.5,345,341.75,342.25
08-27-84,347,348.75,340,340.5
08-24-84,343.75,350,343.5,346.25
08-23-84,348,349.25,344,344.25
08-22-84,344.5,350,344.5,349
08-21-84,338,344,338,344
08-20-84,342.5,344.25,338,338.25
08-17-84,347,347,343,344.25
08-16-84,347,352.75,347,349
08-15-84,350,350.75,346,347.5
08-14-84,351,352,350,350.25
08-13-84,353.5,354.25,347.5,349.75
08-10-84,353.25,354.75,352,354.75
08-09-84,350.5,355.5,350.5,353.25
08-08-84,348.75,350.25,347.75,349.75
08-07-84,351.5,352,348.25,348.25
08-06-84,355.5,355.5,350.5,352
08-03-84,355.5,356.5,353.75,355.25
08-02-84,353.5,355,353,354
08-01-84,350.75,351.5,349,351.5
07-31-84,349.5,352.5,348,349.25
07-30-84,342.75,350.5,342.75,348.75
07-27-84,343.5,344.75,341.5,343
07-26-84,341.25,345.25,341.25,343.75
07-25-84,346,347.5,341,341.75
07-24-84,346.5,348.75,344.75,346.75
07-23-84,344.75,346.5,342.5,346
07-20-84,337,338.25,336.5,338
07-19-84,338.75,340.25,338.5,338.5
07-18-84,335.75,338,334.25,338
07-17-84,338.5,339.5,336,336.5
07-16-84,343,343,337.5,337.75
07-13-84,347,347.5,343,343
07-12-84,345.25,347.25,344.75,345
07-11-84,344,346,343.75,344.25
07-10-84,345.5,347.75,345.5,346.5
07-09-84,346.5,348.25,346.25,347
07-06-84,342.25,346.75,342,344.75
07-05-84,343.25,344,341.5,342.25
07-03-84,348.5,348.5,344.75,345.5
07-02-84,352.5,354,348.5,348.75
06-29-84,353,355.5,352,352.5
06-28-84,345.5,349.5,345.25,349
06-27-84,348,349,345.75,347
06-26-84,350.75,352,348.25,348.25
06-25-84,352.25,353.75,350.5,350.75
06-22-84,355,357.75,353,353.25
06-21-84,356,358.5,355,357.5
06-20-84,352.5,358.5,352,356.75
06-19-84,348.75,357,348.75,352.5
06-18-84,349,350.5,347,348.5
06-15-84,348.5,350.75,348.5,349.75
06-14-84,352,353,350.25,350.5
06-13-84,354,356.25,353.75,354
06-12-84,357,358,354,354.5
06-11-84,352,355.75,351.75,355.25
06-08-84,354.5,355.5,351.75,352.25
06-07-84,355,357.75,353.5,356
06-06-84,358.25,359,353.25,356
06-05-84,356,359.25,355.5,358.25
06-04-84,353.5,359,353.5,356.75
06-01-84,357,358.25,354,354.75
05-31-84,363,363.75,356,356
05-30-84,364,365.25,360.25,363.5
05-29-84,363,365.25,360,364.75
05-25-84,374.5,375.75,365.25,365.75
05-24-84,368.5,375,366,374.5
05-23-84,365,369.25,363,367.75
05-22-84,368.5,374,365.5,367.75
05-21-84,386,397,385,396.5
05-18-84,371.5,383,371,383
05-17-84,364.75,376.5,364.75,371
05-16-84,358,364,357.5,364
05-15-84,355,360,354,360
05-14-84,359,359,351.5,356
05-11-84,369.25,369.25,359.75,360.5
05-10-84,369.5,370,365.5,366.5
05-09-84,367.75,370,366.5,368.5
05-08-84,363.5,369.5,363,368
05-07-84,358.5,362,356.5,361.5
05-04-84,356,360.75,356,359.25
05-03-84,359.25,359.5,355.75,356
05-02-84,356,359.5,355.5,359.25
05-01-84,350,354.5,348.5,353.25
04-30-84,356.5,359.75,349.5,350.75
04-27-84,356,360.75,356,357.5
04-26-84,357.5,358,354,356.5
04-25-84,363.5,365,357.5,357.75
04-24-84,368.75,369.5,363.5,364.25
04-23-84,373,373.5,369.75,371.75
04-19-84,368,372,367.25,371
04-18-84,364,370,363.5,368
04-17-84,368.5,368.75,365,365.25
04-16-84,371.75,373.75,366,368
04-13-84,367.5,373.5,367.5,372.75
04-12-84,362.5,370,361.5,368.75
04-11-84,367,368.75,363.5,364
04-10-84,368.5,368.75,364.5,367.25
04-09-84,369.5,371.5,368,370
04-06-84,368.5,368.5,363,366.5
04-05-84,374,374,367,368.5
04-04-84,376.5,380,376.5,377.25
04-03-84,371,375,369.25,374.75
04-02-84,371.5,376,370,370.25
03-30-84,362,375,362,374
03-29-84,360,364,358.5,362.75
03-28-84,359.5,361,356.75,359
03-27-84,366,366.5,360,360.5
03-26-84,363.5,367,362.5,366
03-23-84,362.5,362.5,358.5,361
03-22-84,351.5,362.75,351,361.25
03-21-84,353.5,360,353.25,357.5
03-20-84,355,356,351,353.75
03-19-84,356,356,354.25,355.75
03-16-84,360,360,356.75,357.5
03-15-84,353,360,353,359.5
03-14-84,349.25,353,348,353
03-13-84,352,352,349,349.25
03-12-84,353.5,355,350,350.25
03-09-84,351.5,355,351.5,354.25
03-08-84,350,351.75,347,351.5
03-07-84,348,351.75,344.5,351.5
03-06-84,345,351,344.5,350.5
03-05-84,345,345.5,337.25,344.75
03-02-84,336,341,335.5,340.75
03-01-84,325.5,334,325.5,334
02-29-84,324.5,327.5,322,326.25
02-28-84,328.5,328.5,324.5,324.75
02-27-84,328,328.75,327,328.75
02-24-84,329.75,331,329,329.75
02-23-84,330.25,330.25,326,328.5
02-22-84,331,334,330,331.5
02-21-84,331,332,327.5,329
02-17-84,331,336.75,330.5,333.25
02-16-84,328,332,328,331.75
02-15-84,325.5,328.75,325.5,328.25
02-14-84,322.5,324.75,319.5,324.25
02-13-84,324,325,321.5,321.75
02-10-84,330,330,325.25,325.75
02-09-84,335.5,335.5,328.25,331
02-08-84,334,337.25,333,335.75
02-07-84,331,334.75,331,333
02-06-84,331.5,333.5,329,331.5
02-03-84,331.5,334.25,330.5,333.5
02-02-84,335.5,336.5,332,333
02-01-84,329,335,328.5,334.5
01-31-84,331,331.75,328.5,328.75
01-30-84,329,332,324.5,331.25
01-27-84,333.5,334.5,326.75,327
01-26-84,337,337,328.25,331.25
01-25-84,344.5,344.5,337,338.75
01-24-84,348.75,350,344.75,345.75
01-23-84,337,345,337,344.5
01-20-84,343,343,338.25,338.5
01-19-84,348.5,350.25,341.5,343.5
01-18-84,355.5,355.5,347.75,348.5
01-17-84,356.5,356.75,353.5,355
01-16-84,356,357.25,353,357
01-13-84,362,362.5,361,361.5
01-12-84,362,362.75,360.75,361.75
01-11-84,362,362,359.25,360.5
01-10-84,361,362.25,360.25,361.25
01-09-84,356,360,356,358.75
01-06-84,359.25,359.5,356.5,358.75
01-05-84,356,359.5,354.25,358.75
01-04-84,353,355.75,351.5,355.25
01-03-84,360,361,353.5,354
12-30-83,363.5,364,362.25,363.5
12-29-83,366.75,367.5,363,363.5
12-28-83,366,367.5,363.75,367
12-27-83,362.25,366,361.75,364.75
12-23-83,361,361.5,359.5,361.25
12-22-83,360,360.25,358,358.5
12-21-83,360.5,361.75,358.75,359.5
12-20-83,354,354,346.5,346.75
12-19-83,347.5,353.75,347.5,352
12-16-83,343,346.5,343,346.5
12-15-83,341.75,343.5,340.5,341.75
12-14-83,337,340.75,337,340.75
12-13-83,339,339.5,336,337
12-12-83,341.5,341.5,339.5,339.75
12-09-83,342,342,337,340.5
12-08-83,339.75,344.5,339.75,342
12-07-83,339.5,340.5,338.25,339
12-06-83,342,342.75,339,339.25
12-05-83,340.5,342.5,340,342
12-02-83,346.5,347,344.5,346
12-01-83,344,348,344,347.75
11-30-83,341.5,343.75,341,343.25
11-29-83,338,339.75,336,338.75
11-28-83,343,344,337,338.5
11-25-83,341.5,343.5,341,341.75
11-23-83,332.25,339.25,330.25,339
11-22-83,335.5,336.25,329.25,332.25
11-21-83,335.5,335.5,331.5,333
11-18-83,338.5,339.5,336.5,336.5
11-17-83,340.25,341.75,335.75,339.5
11-16-83,346,346,334,340.25
11-15-83,347,348,344.5,346.75
11-14-83,348.5,348.5,343,345.75
11-11-83,355.5,356,348.5,349.25
11-10-83,357,357.25,354.5,356.25
11-09-83,358.5,360.25,357.75,358
11-08-83,359.75,360,357.5,358.75
11-07-83,357.5,360.75,357.5,360.25
11-04-83,357.5,359.25,356.5,358.5
11-03-83,356.5,357.75,353.5,357.5
11-02-83,356,360,356,358.5
11-01-83,355,356.75,351,356.25
10-31-83,358,359.5,354.5,354.5
10-28-83,358,359,357.25,358.75
10-27-83,355,358.75,352.5,357.5
10-26-83,364.5,365.25,353,356.75
10-25-83,366,367,365,365.25
10-24-83,363,364,361.5,362.5
10-21-83,362,364,360.75,363.75
10-20-83,368.5,368.5,360,360.75
10-19-83,372,372,368.5,369
10-18-83,368.5,373,368,372.5
10-17-83,370,370.75,367.5,369.5
10-14-83,369.5,371.75,368.5,370.75
10-13-83,369,372.5,368.25,369.25
10-12-83,366,367,365,366
10-11-83,366.5,367.75,365.75,366.5
10-10-83,369.5,369.5,363,366
10-07-83,371.25,373.5,369,369.5
10-06-83,369,374,368.75,371.75
10-05-83,366,369,365.5,368.5
10-04-83,370,370.75,366.25,366.5
10-03-83,368,370,366.25,370
09-30-83,372,372,366,370.75
09-29-83,370,370.5,365.5,370
09-28-83,376.5,378.25,371,371.25
09-27-83,375,377.5,373,376
09-26-83,371,375,368.75,374.25
09-23-83,381.5,381.5,371,373.75
09-22-83,387,387,381,381.5
09-21-83,379.5,379.5,375,375.25
09-20-83,370,370,365,367
09-19-83,367.5,369.75,365.5,369.75
09-16-83,361.5,366,360.5,364
09-15-83,366.5,369,360,361.25
09-14-83,369.5,371,363.5,365.5
09-13-83,385,386,369,369.5
09-12-83,386,386,380,380.25
09-09-83,386.5,388.5,386,387
09-08-83,382,385,381,385
09-07-83,385.5,386,381.5,382.25
09-06-83,386,388.5,384,386.5
09-02-83,386,389,384,385.75
09-01-83,390.5,391,380.5,384
08-31-83,379.5,389.75,379.5,388.75
08-30-83,385,387,375.5,378
08-29-83,387,391.5,380.75,388.25
08-26-83,385,387.5,382,387.25
08-25-83,398,398.5,387,387.75
08-24-83,388,392.5,386,387.75
08-23-83,400.5,402,389,389.75
08-22-83,394,402.5,394,402.5
08-19-83,381.5,387,381,382.5
08-18-83,389.5,392,381,384.25
08-17-83,390,395,386.5,390.75
08-16-83,402,410.5,382,388.5
08-15-83,385,396,385,395.75
08-12-83,383,388,378.75,381.5
08-11-83,385.5,386,381.75,382.75
08-10-83,378,389,377.5,384.75
08-09-83,376.5,378.5,375.25,375.5
08-08-83,378,383,376,377
08-05-83,375.5,384.5,375,378.25
08-04-83,380.75,381,376.25,377.5
08-03-83,376.5,384.5,374.25,381
08-02-83,380,382,374,376.25
08-01-83,373.5,381,372.75,379.75
07-29-83,370,373,369,372.75
07-28-83,370,372,367.75,371.25
07-27-83,364,364.75,362.5,363.25
07-26-83,364.5,367.5,360,364.75
07-25-83,360,363.5,358,362.25
07-22-83,367.5,370.5,363.5,365.75
07-21-83,376,377,361,365.5
07-20-83,351.5,359,349.25,357.75
07-19-83,348.5,349.5,345.5,346
07-18-83,346,348.5,346,347.5
07-15-83,340,344.5,340,344.5
07-14-83,338.25,341.75,338.25,339.5
07-13-83,335,339.75,335,337.75
07-12-83,337.75,338.25,335.25,335.25
07-11-83,337,342.5,337,337.25
07-08-83,337.75,337.75,335.75,335.75
07-07-83,339.5,340.5,337.5,339
07-06-83,337,341.25,336.5,340
07-05-83,338,338,335.25,335.25
07-01-83,343,344.25,336.5,339.5
06-30-83,346,349.5,344,344
06-29-83,344,346.25,342.25,342.75
06-28-83,343.25,345,342,344.75
06-27-83,345.5,346,343,343.75
06-24-83,349.25,349.5,347,347.25
06-23-83,355,355.25,349,349.5
06-22-83,358,358,352.75,354.75
06-21-83,350,356.75,350,356.25
06-20-83,348.5,351,348.25,349.5
06-17-83,352,352,348.5,349
06-16-83,346.5,352,346.25,351.75
06-15-83,344.5,346.75,344,345.25
06-14-83,342.5,347.5,342.5,345
06-13-83,343,343.5,341,343.5
06-10-83,344,344.25,342.25,342.75
06-09-83,346,346,342.25,344.75
06-08-83,345,345,341.5,344.25
06-07-83,347.5,350,347,347
06-06-83,345.5,349.5,345.25,348.5
06-03-83,346.75,348,345.75,346
06-02-83,344.5,348,344.5,347.5
06-01-83,343.25,345.75,343.25,343.75
05-31-83,346,347,343,343.25
05-27-83,350.25,350.25,347,347.25
05-26-83,354.5,355.75,350,350.25
05-25-83,357.25,358,355.25,355.5
05-24-83,356.5,359,354.5,358
05-23-83,354,354.75,352.5,354.25
05-20-83,353,355,351,354.5
05-19-83,349,349,346.5,346.75
05-18-83,348,348.5,346.5,348.25
05-17-83,345.75,348,345.75,347
05-16-83,346,346,344,344.25
05-13-83,346,347,345.5,347
05-12-83,343.5,346.25,341.75,343.5
05-11-83,348.25,349.75,343.25,344
05-10-83,353.5,354.25,350.5,353.5
05-09-83,353.75,356,353.5,354.5
05-06-83,354.5,356,354,354.5
05-05-83,360.5,360.5,352,354
05-04-83,355.5,358.5,355,358.5
05-03-83,354,358,352.75,356
05-02-83,352.5,354.5,352.5,354
04-29-83,349.5,351.5,349.25,351.5
04-28-83,349.5,350,347.25,349
04-27-83,351.5,353.5,348.5,351
04-26-83,346.5,349.5,344.25,349.5
04-25-83,349.5,350,347,347.25
04-22-83,347,352.25,347,349.25
04-21-83,340,346,340,342.75
04-20-83,340.5,341.5,338.25,340.5
04-19-83,343,347.5,340,341
04-18-83,348.5,350,344,345.25
04-15-83,350,353.5,348,349.25
04-14-83,350.5,352.25,348.5,350.5
04-13-83,349.5,352.25,346.25,349.75
04-12-83,355,355.5,350.5,351
04-11-83,366,366.25,353.25,353.75
04-08-83,365,365.5,362,363.75
04-07-83,358.25,364.5,357.75,364.25
04-06-83,361.5,363,357.25,359
04-05-83,362.5,364,359,362.25
04-04-83,361.5,364.75,361.5,362.25
03-31-83,358,364.5,357,360.25
03-30-83,359.25,359.5,353.5,357.75
03-29-83,359.5,361.5,356,359
03-28-83,358.5,361.25,357,357.75
03-25-83,365,366,360,360.25
03-24-83,365.5,368.25,360,367
03-23-83,369,370.5,363,366.5
03-22-83,347,347,345,346
03-21-83,343,346.5,343,346
03-18-83,332.75,340.5,332.5,340.5
03-17-83,328.5,333,328,333
03-16-83,318.5,326,318.5,325.75
03-15-83,320,323,319,320.75
03-14-83,317,320.75,317,319.5
03-11-83,315.75,317.5,315,316.25
03-10-83,320,320.25,316.75,317
03-09-83,313,317,312.75,317
03-08-83,314.5,314.5,312,312
03-07-83,317.5,317.5,314.5,315.5
03-04-83,311.5,317.25,310.5,317.25
03-03-83,313,315.25,312.25,314
03-02-83,314.5,315.5,311.5,312.5
03-01-83,311.5,314.25,311,311.75
02-28-83,317,318.5,305,306.25
02-25-83,328.25,329,322.25,323
02-24-83,333,335,327,327.5
02-23-83,330,335,329.5,331.75
02-22-83,340.5,340.5,331.5,332
02-18-83,346.5,347,342.5,343.5
02-17-83,344,346.5,341.75,344.75
02-16-83,347.25,348,344,344.75
02-15-83,348.5,352.5,346,346.25
02-14-83,342,351,342,350.75
02-11-83,344,345.25,341.25,342.75
02-10-83,341,346.5,341,344
02-09-83,339,340.5,335.75,339
02-08-83,341,341.5,338.75,339.75
02-07-83,344,345,341,341.25
02-04-83,346.5,347.25,344,344.5
02-03-83,345,351,343.25,346.75
02-02-83,344,345.75,341.75,345.25
02-01-83,343.5,347,341.25,345.25
01-31-83,334.5,344,343.5,343.5
01-28-83,334,335.5,331.25,335.25
01-27-83,336,336.5,333.25,334.75
01-26-83,330.5,334.25,329.5,334.5
01-25-83,334.25,335.75,329,331.75
01-24-83,329.5,334.5,327.75,333.5
01-21-83,330,334.5,330,333.25
01-20-83,334.5,337.5,333,333.25
01-19-83,341,342,334,335
01-18-83,341.5,345,340,344.25
01-17-83,348.5,348.5,340.75,342.25
01-14-83,343,347.25,341,346.5
01-13-83,340,346,340,345.75
01-12-83,335,342,330,341.25
01-11-83,335.5,336.5,331.5,335.5
01-10-83,332.75,338,332,334.5
01-07-83,332.5,333.5,331,331.75
01-06-83,328,332,327,331
01-05-83,325,329.5,324.5,329
01-04-83,324,326,322,325.25
01-03-83,330,330.25,324,324.25
12-30-82,333.5,334,329.75,330.75
12-29-82,335.5,336,333.25,333.5
12-28-82,336.5,337.25,332.5,335.25
12-27-82,337,338.5,334.25,336.75
12-23-82,334.5,337.75,334.5,336.5
12-22-82,336.5,336.5,332.5,333.75
12-21-82,336,338,335.5,337.25
12-20-82,317.75,320.5,317.75,318.75
12-17-82,312.5,315.75,312,315.75
12-16-82,311.5,313.5,311,311
12-15-82,314.5,314.5,309,311
12-14-82,320,320.5,313,314
12-13-82,315.75,319,315.75,317.25
12-10-82,321.5,321.5,315.5,316
12-09-82,322,324,318.5,323
12-08-82,320,325,320,322.75
12-07-82,324,325.25,322,324.75
12-06-82,322,323.5,320.25,323.25
12-03-82,322,324,320.5,321.75
12-02-82,328,331,323,323.25
12-01-82,328,330.5,326.75,328.75
11-30-82,329,331.25,326,327.75
11-29-82,336.5,337,328.75,329.25
11-26-82,343,343.25,336.5,336.75
11-24-82,345,347.25,344,344.75
11-23-82,339,344.75,337.5,344
11-22-82,336,341.75,336,340.75
11-19-82,333,335.5,331,334.75
11-18-82,330.5,332.5,328.75,331.25
11-17-82,338,338.25,330,330.5
11-16-82,337.25,339.5,334.25,335.5
11-15-82,331,337.25,330.75,337
11-12-82,329,335.5,329,333.25
11-11-82,329,335,328,330
11-10-82,332,333.5,328.5,331.25
11-09-82,333,334,328,330.25
11-08-82,332,337.5,329,332.25
11-05-82,330,335,327.25,334.75
11-04-82,328,330.75,325.5,330.5
11-03-82,327,332.5,327,329.25
11-01-82,318.5,327,318.25,326.5
10-29-82,313,318.5,312.25,317.5
10-28-82,311.5,316,311,313.75
10-27-82,309.5,311,306.5,310.25
10-26-82,304.25,310,303.5,309.5
10-25-82,302.5,305.5,301.5,303.75
10-22-82,300.75,305,300,304.75
10-21-82,308,309,299.25,301.75
10-20-82,303.5,308,303.5,307.75
10-19-82,305.5,307,302.5,303
10-18-82,308,310.5,303,303.25
10-15-82,309.5,314,306.5,308
10-14-82,317,318,307.5,308
10-13-82,317.5,318.5,311.5,317.5
10-12-82,320,321.5,318.5,319.25
10-11-82,320,323.5,316.75,321.5
10-08-82,322,322.5,316,317.5
10-07-82,320.5,324.25,319.5,322.5
10-06-82,319.5,321.75,317.25,317.75
10-05-82,318,319.5,316.25,318.25
10-04-82,314.5,319,313,316.5
10-01-82,318,319.5,315.75,316.75
09-30-82,321.5,324.5,319,319.75
09-29-82,326,326,316.75,321.25
09-28-82,335,336.5,327.5,328.25
09-27-82,339.5,341.75,334,334.75
09-24-82,334,341,333,339.75
09-23-82,329.5,337.5,327.5,335.5
09-22-82,334,334,330,331.75
09-21-82,315.25,316,311.5,314.5
09-20-82,313,317,308.25,313.5
09-17-82,321,321.5,315,315
09-16-82,324.25,324.25,319.5,323
09-15-82,330.5,330.5,325,325.75
09-14-82,330,332.5,328,329
09-13-82,328.5,330,327,329.25
09-10-82,330.5,331.25,325.5,325.5
09-09-82,330,332.25,329.5,331
09-08-82,329.25,332.5,328.5,330
09-07-82,333.5,334,328,329.75
09-03-82,343,343.5,336,336
09-02-82,341.5,342.75,339.75,340.5
09-01-82,333.5,340,333.5,338.5
08-31-82,338.5,338.5,333,334
08-30-82,343.5,343.5,337,338.75
08-27-82,344.5,345.25,343,344
08-26-82,351,352,345,346.25
08-25-82,343.75,350,343,349.75
08-24-82,344.5,345.75,342.25,344.25
08-23-82,341,346,340.5,343.25
08-20-82,346,348,340,340.5
08-19-82,344,346.75,343,343.25
08-18-82,344,348,343,345
08-17-82,333,338.5,332.25,338.25
08-16-82,343,344.5,333,333.75
08-13-82,339.5,342,337.5,340.5
08-12-82,330,339,327.75,337.5
08-11-82,335.5,338.5,334.25,337.25
08-10-82,338.5,339.25,332,335.75
08-09-82,341,341,337,337.25
08-06-82,346,346.25,343,343.5
08-05-82,347,348.5,345,347.25
08-04-82,345.5,350.5,344.5,349
08-03-82,346.5,348.75,345.5,346.25
08-02-82,344.25,347.25,344.25,346.25
07-30-82,347,347,342.25,342.75
07-29-82,346,348,339.5,344.25
07-28-82,352.5,352.75,345,345.25
07-27-82,350.5,355.5,350.5,353.25
07-26-82,348,352,346.5,351.5
07-23-82,352.5,352.5,347.75,351.25
07-22-82,351,352.25,347.25,350.25
07-21-82,342.5,344.25,342.5,344.25
07-20-82,338.75,340.5,337.5,339.75
07-19-82,342.5,345.25,338,338.75
07-16-82,339,342.5,337.5,342
07-15-82,339,340,336.75,338.25
07-14-82,333.5,338.25,333.25,337
07-13-82,330,334.5,329.5,332.25
07-12-82,332,335,329,329.5
07-09-82,337,337,329.5,330.25
07-08-82,331.5,334.75,331.5,331.75
07-07-82,337.5,339,329.5,329.75
07-06-82,350.5,350.5,339.5,339.5
07-02-82,349.5,352,348.75,350
07-01-82,341,351,341,349.25
06-30-82,339,344,338.5,340
06-29-82,341,344.5,340.25,341.25
06-28-82,345.5,346.25,341.5,341.5
06-25-82,344,349,341.75,345.25
06-24-82,342,346,342,342
06-23-82,341.5,344,338,340
06-22-82,339,342.75,338.5,341.5
06-21-82,333.5,343,332,338.75
06-18-82,338.5,339,334.5,335
06-17-82,338,339,335.25,337.75
06-16-82,346,347.5,341,341.75
06-15-82,347,347.5,344.25,346.75
06-14-82,348,349,345,346.75
06-11-82,346,353,346,350.25
06-10-82,342.5,344.75,342.5,343.5
06-09-82,343.5,347,342.25,343.5
06-08-82,346.5,348,344.25,344.25
06-07-82,342,349,341,348.25
06-04-82,346,346,341.5,342
06-03-82,349,351,346.25,346.25
06-02-82,348,349.75,347,347.25
06-01-82,349.5,349.5,346,347.75
05-28-82,354.5,355.25,351,351.5
05-27-82,358.5,359,354.25,354.5
05-26-82,355.5,359.75,354.5,358.5
05-25-82,359.5,359.75,355,355.25
05-24-82,360,360,356.5,359.75
05-21-82,365,366.25,360,360.25
05-20-82,366.75,366.75,363.5,365.75
05-19-82,353.5,354,352,354
05-18-82,354,354,349,352
05-17-82,350,351.5,348.75,350
05-14-82,345.5,349.5,345.5,349.25
05-13-82,344,347,344,344.75
05-12-82,344.5,347.25,344,344
05-11-82,350.5,350.5,342,346.5
05-10-82,342,348.5,342,346.5
05-07-82,348.5,349.5,343,343
05-06-82,350,351.75,348.5,348.75
05-05-82,357,359.25,352,353
05-04-82,355,360,354.25,358.5
05-03-82,358,359,354,355.25
04-30-82,366,369.75,357,357
04-29-82,363,367.25,362.5,366
04-28-82,369,369.5,365.25,365.75
04-27-82,372,372.5,368.25,368.75
04-26-82,376,377.25,372.75,373.25
04-23-82,376,377.25,374.5,376.75
04-22-82,376,376.5,373,373.25
04-21-82,380,380.75,377.25,377.5
04-20-82,379,382.5,379,380.5
04-19-82,377,378,372.75,377.25
04-16-82,379,381.5,376.25,377.25
04-15-82,373,379,371.5,378.75
04-14-82,370,373.5,369,372.75
04-13-82,366.5,372,366,367.5
04-12-82,359,364.5,358.5,363.75
04-08-82,366.5,371.5,365,365.5
04-07-82,369,369,365.25,365.5
04-06-82,372.5,373,369.25,370.75
04-05-82,368,373,368,372
04-02-82,364.5,368,362.25,366.25
04-01-82,370,371.5,364.5,364.75
03-31-82,368,371,367,370.25
03-30-82,365,372,364.5,368.5
03-29-82,359.5,366,357.75,365
03-26-82,364,364,360.5,361
03-25-82,369.5,369.5,365,366.25
03-24-82,372.5,372.5,368,370.5
03-23-82,370,374.25,368,372.25
03-22-82,356,361.5,356,361.5
03-19-82,350,357,350,356
03-18-82,351,353,350.5,351
03-17-82,349.5,352,348.5,350.75
03-16-82,342.75,348.5,342.75,345
03-15-82,336.5,343,336.5,342.75
03-12-82,339.5,340.75,337.5,337.5
03-11-82,349,349,340,340.5
03-10-82,353,355,350,350
03-09-82,352,353,349,351.5
03-08-82,353,354,350,350.75
03-05-82,360,362,355.25,355.25
03-04-82,358.75,360,357,359.25
03-03-82,366,366,360,360
03-02-82,363.25,365.75,359.25,364.75
03-01-82,356.5,362.5,356.5,362.5
02-26-82,348,356,348,356
02-25-82,348.5,351,347,349
02-24-82,349.75,352.5,348.5,348.5
02-23-82,353.5,353.5,348.5,349.75
02-22-82,362,362.5,354.5,355.25
02-19-82,360,363.25,359,359
02-18-82,364,365.5,361.5,361.75
02-17-82,362.75,364.5,361.25,364
02-16-82,366.5,366.5,359,362.25
02-12-82,369,372,365.5,366.5
02-11-82,370,374.75,369,369.75
02-10-82,367,369,366.5,368.5
02-09-82,366.5,370,365.5,365.5
02-08-82,369,371.5,366,366.75
02-05-82,371,371.75,368.75,370.5
02-04-82,377,379.75,370,371.75
02-03-82,380,381,377.25,378.25
02-02-82,381,383.5,379,381.5
02-01-82,376,385,372.75,381
01-29-82,375,379,374.5,377
01-28-82,378.5,381.5,374.5,375
01-27-82,373.5,379.5,373,379.5
01-26-82,372,374.5,368.75,373.5
01-25-82,376.5,376.5,372.5,373.25
01-22-82,381,382,377.5,378.75
01-21-82,385.5,387.5,380,381.75
01-20-82,380.5,385.75,379.25,385
01-19-82,388.5,389.5,382,382.75
01-18-82,394,395.75,390.25,391.5
01-15-82,390.5,395,389.5,394
01-14-82,390,391,386,389.75
01-13-82,390,393,386.5,388.5
01-12-82,392,393,383.75,389.5
01-11-82,403,403.5,393.25,394
01-08-82,401,405,397,402
01-07-82,400.5,403.5,398.25,400.25
01-06-82,392.5,402,392.5,401.5
01-05-82,390,393,386,391
01-04-82,392,395.5,389,390.75
12-31-81,394,399,391,391.5
12-30-81,390,391,386,390.75
12-29-81,390,392,386.25,391
12-28-81,380.5,394,380,393.25
12-24-81,379,383.5,378,379.5
12-23-81,379,381,376,376.25
12-22-81,382,387,378.75,383.5
12-21-81,372,372.5,363.75,364.25
12-18-81,377.5,377.5,370,373
12-17-81,382.5,385,379,381
12-16-81,369.5,380,362,377
12-15-81,384,384,371,373.25
12-14-81,387.5,390,380.5,382
12-11-81,393,395.5,391.5,394
12-10-81,394.5,395.5,383,391.5
12-09-81,394,397.5,392,393.25
12-08-81,399,402.5,390.5,392
12-07-81,412,412,401,401
12-04-81,423,423,415.75,415.75
12-03-81,416,425,415.25,419
12-02-81,416.5,419,415.5,416.75
12-01-81,415,420.5,413,416
11-30-81,417,419,414,416.5
11-27-81,410,417.5,410,417.25
11-25-81,410,414,410,411.25
11-24-81,414.5,415.5,408,408.25
11-23-81,415.5,418.75,411,413.5
11-20-81,423.5,424,417,417.25
11-19-81,422.5,425.5,417,421
11-18-81,430.25,431.5,423,423.5
11-17-81,437,437.5,430.25,430.75
11-16-81,432,438,431.5,436.75
11-13-81,437,438.5,433.25,434
11-12-81,432.5,436,432,435.75
11-11-81,428,431.5,427,431.25
11-10-81,433,434,430,430.25
11-09-81,439.25,440.25,434,434.75
11-06-81,438,441.25,436.5,438.75
11-05-81,435.5,439.5,435,438
11-04-81,439,439.5,435,436
11-03-81,441,441,438.25,438.5
11-02-81,439.5,444.5,439.5,441.75
10-30-81,436.5,440.5,434.5,439.25
10-29-81,437,437.75,433.25,435.75
10-28-81,438,438.75,435.25,435.75
10-27-81,439,441,436.25,437.75
10-26-81,436,437.5,433.5,437.25
10-23-81,433,438,433,437.75
10-22-81,431,431.5,428.75,430
10-21-81,425.5,432.25,425.5,430.75
10-20-81,433,433.75,426,427
10-19-81,428.5,433,428.5,431.5
10-16-81,432,433.5,430,431.5
10-15-81,438,438.5,432.25,432.75
10-14-81,441,441.5,436.75,438.25
10-13-81,436.5,441,435,441
10-12-81,428,442,428,436.75
10-09-81,429,429.75,427.25,428
10-08-81,428.5,430,427.25,428.75
10-07-81,429,430.5,427.5,429
10-06-81,427,429.75,424,429.5
10-05-81,428.5,432.5,427.5,427.75
10-02-81,421,426.5,421,426.25
10-01-81,426.5,427.5,421.75,422.5
09-30-81,427,427.25,424.25,424.75
09-29-81,426.5,429,426,427.75
09-28-81,421,427.5,417.5,425.75
09-25-81,427,427.25,422.5,424.25
09-24-81,427,430,425,427.75
09-23-81,432,432,427.75,428.75
09-22-81,429.5,432.5,429.5,431.75
09-21-81,402,406,401.25,405.75
09-18-81,400,402.5,399.25,402
09-17-81,402.5,403.5,396,400
09-16-81,405,407.5,402.75,402.75
09-15-81,407,408,403.5,405
09-14-81,405,405.75,403.5,405.5
09-11-81,397.5,401.75,397,400.25
09-10-81,400,400,397.5,399.25
09-09-81,393,394.75,390,394
09-08-81,393,395.75,388.5,391.25
09-04-81,400,400,395,395.5
09-03-81,393,400.5,393,398.75
09-02-81,393,395.5,391,391.5
09-01-81,385,394,385,394
08-31-81,388.5,389.5,385,385.75
08-28-81,389,391,388,388.25
08-27-81,390,390.5,386,387.25
08-26-81,390.5,394,389.5,392
08-25-81,385,391.5,383.5,388.25
08-24-81,395,395.5,387,387
08-21-81,395.5,399,393,397.25
08-20-81,404.5,405,396.5,397.25
08-19-81,404,406.5,401.5,404.25
08-18-81,408,408,403.25,404
08-17-81,409,410,404.5,405.75
08-14-81,403,409,401.5,407.75
08-13-81,395,400,394,399.5
08-12-81,402,405,401.5,403
08-11-81,398,400.5,397.25,399
08-10-81,403.5,404.5,393,396.75
08-07-81,407.5,409,406.25,407
08-06-81,405.5,406.25,403.5,404.5
08-05-81,404.5,409.75,402,402.5
08-04-81,404.5,407.25,402,406.75
08-03-81,403.5,407,403,404.75
07-31-81,408,410.5,407,407.5
07-30-81,411,412.5,406,406.5
07-29-81,414,415.5,410.25,410.5
07-28-81,409,416,407.5,413.5
07-27-81,411,416,410,410.5
07-24-81,412,414,409.5,412
07-23-81,406,413,403.5,410.5
07-22-81,390,394,389.25,394
07-21-81,386,389.5,383,389.5
07-20-81,383.5,387,382,382.75
07-17-81,388,391,388,388.5
07-16-81,392,392,386.75,387.25
07-15-81,382,389,382,386
07-14-81,388,388,383,383.25
07-13-81,396.5,396.5,389,389.5
07-10-81,396,402,393,396.75
07-09-81,405,405,394.5,394.5
07-08-81,400,412.5,400,408.5
07-07-81,394,397.5,391.5,394
07-06-81,378.5,394.5,378,391.25
07-02-81,381,382.5,377,380.5
07-01-81,371,379.75,371,379.25
06-30-81,366,375,365,370
06-29-81,371,373,365,365.5
06-26-81,374.75,377.5,372.5,373.25
06-25-81,383,383.25,375,375.25
06-24-81,387.5,390,383.5,383.75
06-23-81,393.75,394.5,387.75,388
06-22-81,396,399,392.5,392.5
06-19-81,398,400,396,396.25
06-18-81,400.5,402,399,399.25
06-17-81,402,404,401,402.75
06-16-81,408,408,404,404.5
06-15-81,408.5,413.5,408,408.25
06-12-81,407,411,405.25,407.25
06-11-81,411,411.5,406,406.25
06-10-81,409,415,408,413.75
06-09-81,404.5,407.75,402,407
06-08-81,410.5,414,404.25,404.5
06-05-81,404.5,411,404,408.25
06-04-81,401,405,398.25,404
06-03-81,403.5,403.5,397,400.25
06-02-81,402.5,406,401.5,401.75
06-01-81,412.5,413.5,402.75,404
05-29-81,410,414,409,412.25
05-28-81,415.5,418,410,410.75
05-27-81,407,413,407,412
05-26-81,402,406.75,399.5,406
05-22-81,406,407,402,402.5
05-21-81,410.5,410.5,404,404.75
05-20-81,414.5,414.5,408.5,412.25
05-19-81,404,404,397,398
05-18-81,406,406.5,403.5,404.5
05-15-81,401.5,404.5,399.5,402.5
05-14-81,399,402.25,396,400
05-13-81,399.5,399.5,395.5,399
05-12-81,399,401,393,398
05-11-81,411.5,413,406,406.25
05-08-81,414,415.75,409,409
05-07-81,420,420.5,414,416.5
05-06-81,427,427.5,419.5,419.75
05-05-81,427.5,427.5,422,422.5
05-04-81,432.5,433,429,430.25
05-01-81,434,439.5,434,437.75
04-30-81,428.5,434,428.5,433.75
04-29-81,427.5,429.5,426,427.75
04-28-81,435.5,438,429,429.5
04-27-81,442,442.5,438.5,438.75
04-24-81,435,445.5,435,439.75
04-23-81,448,451,441.5,441.75
04-22-81,442.5,447.5,442.5,445
04-21-81,440,449.5,440,445.25
04-20-81,442,445,439,443.25
04-16-81,438.5,439.5,434.5,438.75
04-15-81,431.5,435.5,431,435
04-14-81,431,435.5,431,432.5
04-13-81,430,435,427,433.25
04-10-81,442,442.5,438.5,440.75
04-09-81,446,446,442,445.25
04-08-81,447,448,443.5,446.25
04-07-81,434,449,434,447.75
04-06-81,429.5,437.5,429,431.75
04-03-81,431,432.5,429,430.25
04-02-81,431,437.5,430.5,436.25
04-01-81,434.5,437.5,430.5,430.75
03-31-81,429,434,427,433.75
03-30-81,423,429,422,428.25
03-27-81,424,429,422,428
03-26-81,432.5,434,426.5,427
03-25-81,433,436,428,434.5
03-24-81,434.5,438,430,437.5
03-23-81,424,445,423.5,433.5
03-20-81,421,421,409,414.5
03-19-81,432.5,432.5,427,427
03-18-81,433,433,429.5,432
03-17-81,429,433.5,427,430.5
03-16-81,431,433.75,429,429.5
03-13-81,434,435,431.5,432
03-12-81,428,431,424.5,431
03-11-81,421,424,420.5,422.25
03-10-81,434,435.5,426,426.25
03-09-81,431,436.5,430,432.5
03-06-81,428.5,433.5,425.5,428.5
03-05-81,429,430,425,427
03-04-81,432.25,432.25,421.75,421.75
03-03-81,437,439.5,431.75,432
03-02-81,441,445,434,435.75
02-27-81,452,457,447,447.25
02-26-81,454.5,455,451,451.25
02-25-81,457,460,453.5,456.75
02-24-81,463,467,457.75,457.75
02-23-81,454,463,453.5,461.75
02-20-81,462.5,464.5,460.5,461.25
02-19-81,460,464,460,461.5
02-18-81,460,463,457.5,459.75
02-17-81,457.5,470,456.5,463.75
02-13-81,450,457.5,448.5,455.75
02-12-81,453,453,447,452.25
02-11-81,457,460,455,456.75
02-10-81,453,457.5,446.5,457
02-09-81,462,464,452,452.25
02-06-81,470.5,475,469,472
02-05-81,471,473,466.5,471.25
02-04-81,480,480,471,471.75
02-03-81,473,479,473,478.75
02-02-81,465,471.5,465,468.75
01-30-81,465,470,463.5,465.75
01-29-81,466,467,458.5,463.75
01-28-81,468,475,467,470.5
01-27-81,479,479.5,468,470.25
01-26-81,470,480.5,465.5,478.75
01-23-81,481.5,482.5,470.5,470.75
01-22-81,489,489,472.25,481.5
01-21-81,494,495.5,491.5,492.25
01-20-81,491,496,487.5,494
01-19-81,500.5,504.5,492,493.25
01-16-81,506.5,507.5,500,502.5
01-15-81,499,504.5,494.5,504
01-14-81,498,511.5,498,504.75
01-13-81,497,502,495.5,498.75
01-12-81,492,499,492,498.5
01-09-81,495,497,490.5,492.25
01-08-81,503,503,496,497.25
01-07-81,505,507.5,500,506.25
01-06-81,505.5,508,499,506.75
01-05-81,514,517.5,502,505.5
01-02-81,498,515,496.5,508.5
12-31-80,486,506.25,482,501
12-30-80,486,488.5,482,486.25
12-29-80,478.5,489,477,486.5
12-24-80,479,483.5,476.5,481.75
12-23-80,487.75,489,484.5,487.75
12-22-80,491.5,491.5,486,486.75
12-19-80,488.25,491,482.5,490.5
12-18-80,471,471,461,461.5
12-17-80,470,479,467,467
12-16-80,465.5,474,461,470
12-15-80,468,468,461.5,468
12-12-80,411,448,411,448
12-11-80,440,445,428,428
12-10-80,450,458,448,448
12-09-80,475,476.5,459.25,459.25
12-08-80,488,488.5,479,479.25
12-05-80,490.25,493,482.5,489
12-04-80,491,496,489,492.5
12-03-80,496,497,490,490
12-02-80,495.5,496.5,487.25,495.25
12-01-80,510,510.5,495,495.25
11-28-80,505,510,505,508.25
11-26-80,505,506.5,502,503
11-25-80,505,508.5,498,503
11-24-80,520.5,521,500.75,503.75
11-21-80,521,522.5,520,520.75
11-20-80,518,526,516.5,524.5
11-19-80,521,521.5,516.25,518.75
11-18-80,520,522.5,518.5,521.5
11-17-80,514,518.5,511.5,516.25
11-14-80,513.5,519.5,512,519.25
11-13-80,521.5,523.5,515,515.25
11-12-80,515,523,513.5,522.75
11-11-80,514,519,511,511.75
11-10-80,524,524,513,514
11-07-80,522,526,518.5,524.75
11-06-80,532,533,518.5,522
11-05-80,536.5,537.5,527.5,537
11-03-80,528.75,534.5,528,533.25
10-31-80,533,534,525,528.75
10-30-80,535,541,529,532.5
10-29-80,542,543.5,534,535.75
10-28-80,530,542,529.5,541.5
10-27-80,535,535,528,529.5
10-24-80,541,543,536.5,538
10-23-80,538.5,541,534,535.5
10-22-80,537,544.5,536,540.5
10-21-80,522.5,530.5,521,529.75
10-20-80,529,530,523,523.25
10-17-80,519,527.5,517,526.5
10-16-80,519.5,523,516.5,520.75
10-15-80,525,525,517.25,521.75
10-14-80,525,527,519.5,522.25
10-13-80,529,532,525.5,528.25
10-10-80,507,514.5,507,514
10-09-80,505,508.5,501.5,503.75
10-08-80,507,509,503,503.25
10-07-80,506,507,501,502
10-06-80,501,508,500,507.5
10-03-80,491.5,498.5,489,498.25
10-02-80,502,502,493,493.75
10-01-80,506,506,501,504.75
09-30-80,500.25,504.25,499,503.5
09-29-80,496,500,490.5,498.25
09-26-80,506,506,494.5,497.25
09-25-80,508,511.5,505.5,508
09-24-80,513,515,506.5,512.75
09-23-80,505,512,500,510.75
09-22-80,509,512,503,504.5
09-19-80,477,486.5,477,484.5
09-18-80,478.5,478.5,474.5,476
09-17-80,475,478.5,473.5,475.5
09-16-80,470,473.5,467.5,473.5
09-15-80,469.5,469.5,466,468.5
09-12-80,475,476,463.5,466
09-11-80,468.5,472.5,467,471
09-10-80,473,473,467.5,468.75
09-09-80,471.5,473,468,472.5
09-08-80,475,480,472,472
09-05-80,466,470,466,470
09-04-80,469,469,461.5,464
09-03-80,465,471,463.5,470.5
09-02-80,454,468,454,467.5
08-29-80,447,455.5,447,452.75
08-28-80,445,448.25,445,446.75
08-27-80,445.5,450.25,445,447.25
08-26-80,446.5,448,445,445.75
08-25-80,441,445,440,444.5
08-22-80,447,447.5,442.5,444
08-21-80,448.75,449.5,446,447.25
08-20-80,450.5,452,447.25,448.75
08-19-80,447.25,452,447,450.5
08-18-80,443,448.5,442,447.75
08-15-80,446.5,447,444,444.5
08-14-80,452.5,457,447,447.5
08-13-80,456,458.5,453.5,453.75
08-12-80,455,467,455,459.75
08-11-80,452,452.5,450,451.25
08-08-80,458,458.5,452,454.25
08-07-80,459.5,461.75,455,456.25
08-06-80,459,463,458.5,459.25
08-05-80,454.5,461,454.5,458.5
08-04-80,455,457,445,456.5
08-01-80,462,467,461,463.75
07-31-80,458,470,458,465
07-30-80,458,462.5,454,454.5
07-29-80,459,459,451.5,456.75
07-28-80,448,459,448,455
07-25-80,452.5,459,448,449.75
07-24-80,469,470,449,451.25
07-23-80,446,461,446,459
07-22-80,428.5,434,428.5,434
07-21-80,427,431,420,429
07-18-80,435,440,432,432.5
07-17-80,437,440,433,435.75
07-16-80,433,436,428,429
07-15-80,443,444.5,427,427
07-14-80,442.75,442.75,435,442.75
07-11-80,432,432,422.5,422.75
07-10-80,425,430,423,424.5
07-09-80,430,431,418.5,419.5
07-08-80,437.5,437.5,429.5,434.25
07-07-80,441,452,435,435
07-03-80,432.5,439.5,431.5,439.25
07-02-80,430,443,430,435.75
07-01-80,419,434,419,426
06-30-80,419,421.5,416.75,420.25
06-27-80,425,427,421,421.75
06-26-80,431,432.5,423,425
06-25-80,424.5,434,421,433.5
06-24-80,426.5,426.5,422,423
06-23-80,416.5,429.5,416.5,428.5
06-20-80,410.5,413.5,409,412.5
06-19-80,409,413,407.5,408
06-18-80,405.5,408.5,404.25,408
06-17-80,407.5,408.25,404,404.25
06-16-80,403.5,407.25,402,406.25
06-13-80,403.5,404,401,402.25
06-12-80,400,404.25,398,403
06-11-80,397,401,397,400.25
06-10-80,396,401.5,395.5,396.75
06-09-80,394,400,394,397
06-06-80,396.5,399,393.5,394
06-05-80,402,404.5,397,397.5
06-04-80,404,406.5,401,401.25
06-03-80,397.75,407,396,404.5
06-02-80,404,404.5,397,397.75
05-30-80,400,404,400,402.75
05-29-80,410,410,402,402.5
05-28-80,418,421.5,410,411.5
05-27-80,415,422,414.5,418.25
05-23-80,417,418,414.5,416.5
05-22-80,421,424,418.5,420.5
05-21-80,422,424,413.5,417
05-20-80,422,423,413,414
05-19-80,410,422,410,420.5
05-16-80,415.5,416,406.5,407.5
05-15-80,407,418,407,416
05-14-80,413,414,407.5,407.5
05-13-80,410,411,406,410
05-12-80,405,414,404,404.75
05-09-80,420,423,415,419.75
05-08-80,420,428.5,419.5,423
05-07-80,412,427,407,423
05-06-80,414,417,405,411.5
05-05-80,397,412,397,412
05-02-80,384.5,393,384,392
05-01-80,384,389,383,385
04-30-80,382.5,386,380,385.5
04-29-80,386,390.5,382.5,383.5
04-28-80,394,394,387,387.5
04-25-80,403.5,414,396,396.75
04-24-80,392.5,395.5,391,395.25
04-23-80,398,401.5,390.5,391.5
04-22-80,393,404.75,390,400.75
04-21-80,378,400.5,376.5,398.25
04-18-80,378,384,377.5,380.5
04-17-80,393.5,393.5,385,385.5
04-16-80,395,398,390,396
04-15-80,389,394,385.5,390.75
04-14-80,408,408,388.5,392.75
04-11-80,413,413,405.5,406.25
04-10-80,420,421.5,413.5,414.5
04-09-80,416,429,413.5,425.75
04-08-80,406,412,406,409.75
04-07-80,408,412,401,402.25
04-03-80,398,408,397,405.5
04-02-80,388,398,386.5,397.5
04-01-80,382,389.5,380.5,387
03-31-80,395,400,383,383.5
03-28-80,409.5,410,393,395
03-27-80,410,410,401,409.5
03-26-80,425,425.5,413,413.75
03-25-80,423,431.5,423,426.25
03-24-80,418.5,427,416,426.25
03-21-80,420,426,419,421.75
03-20-80,417.5,419.5,413,413
03-19-80,415.25,419,415.25,416.5
03-18-80,419,420,415,416.25
03-17-80,423.5,423.5,417,419.25
03-14-80,424.5,426,423,426
03-13-80,429.5,429.5,422,426
03-12-80,432,432,425,429.25
03-11-80,428.5,432,428.5,429.25
03-10-80,435.5,435.5,424,429.75
03-07-80,437,439,436.5,436.75
03-06-80,442.5,443.5,437,437.75
03-05-80,445.25,446,440,443.5
03-04-80,435,445.5,435,445.25
03-03-80,433,437,431.5,433
02-29-80,435,437,433.25,433.5
02-28-80,435,438.5,435,435.75
02-27-80,440.5,442,435,436.25
02-26-80,446,448,440,441
02-25-80,446,449,445.5,447.75
02-22-80,444,446,442.5,443.75
02-21-80,445,448,444.5,445.25
02-20-80,440,444,440,443.25
02-19-80,448,448,439.5,439.75
02-15-80,446.5,448,444,446.25
02-14-80,451,454,445,446.25
02-13-80,456,456,449.5,450.25
02-12-80,459,460,455,456.25
02-11-80,457.5,464,455,463.25
02-08-80,460,460.5,456,456.5
02-07-80,461,464.5,456,457.75
02-06-80,472,480.5,453,460.75
02-05-80,478.5,478.5,467.5,471
02-04-80,475,482.5,470.5,477.5
02-01-80,471,474,464,472.75
01-31-80,460,469,456.5,467.75
01-30-80,453,465.5,453,462
01-29-80,457.5,459.5,451.5,452
01-28-80,448,457.5,446.5,456.5
01-25-80,451,454,446,448.5
01-24-80,456.5,457.5,449.5,450.75
01-23-80,450.5,463,450,457
01-22-80,444,451.5,442,450.5
01-21-80,451,455.5,444.5,446.5
01-18-80,455,457.5,446.5,451.25
01-17-80,435,455.25,434.5,453.75
01-16-80,431,440,430,435.25
01-15-80,427,433.75,427,432.75
01-14-80,423,427,419,426.75
01-11-80,416,425.5,415,424.75
01-10-80,405.5,417,405.5,415.25
01-09-80,425.5,425.5,425.5,425.5
01-08-80,445.5,445.5,445.5,445.5
01-07-80,445.5,445.5,445.5,445.5
01-04-80,446,449.5,442.5,445.5
01-03-80,445.5,448,438,446.25
01-02-80,453.5,456,444.5,445.5
12-31-79,459,461,453,454.25
12-28-79,459,462.25,456,458.5
12-27-79,463,467.75,457,459
12-26-79,458.5,465,456.75,464.25
12-21-79,453,455,451,454.25
12-20-79,445,452,443.75,451.75
12-19-79,444,447,442,445.5
12-18-79,426.75,427,420.5,421
12-17-79,432.5,432.5,425.5,426.5
12-14-79,429,434,427.5,433.75
12-13-79,433,438,429,429.25
12-12-79,427.5,432.5,427.25,432
12-11-79,427.5,431,426,429
12-10-79,419.5,424,418,423.5
12-07-79,416,419.75,415,419.25
12-06-79,416.5,421,413.5,414.25
12-05-79,417.5,422,415,417.5
12-04-79,429,429,420,423.75
12-03-79,437.5,438,430,430.25
11-30-79,428,437,426,436.25
11-29-79,426,426.5,421.5,423.25
11-28-79,430,430,420.5,425.5
11-27-79,427,429.5,424,425.75
11-26-79,435.5,436,425,425.75
11-23-79,440,440,436.5,437.25
11-21-79,441,443,436.5,438.5
11-20-79,432.5,439.5,432,436.25
11-19-79,435,436,432,433.25
11-16-79,435,438,431,437
11-15-79,439.5,439.5,431.5,433.5
11-14-79,442,445,436,442.5
11-13-79,433,440.5,430.5,440
11-12-79,425.5,432,424.5,431.25
11-09-79,420.5,424,420,422.75
11-08-79,424,424,417.5,420.75
11-07-79,418.5,422.5,414,421.5
11-06-79,417.5,421.5,415,417.75
11-05-79,411,420,411,416.5
11-02-79,406,412,402,409.75
11-01-79,420.5,420.5,406,406.5
10-31-79,421,424.5,419.5,421.25
10-30-79,419,423.5,416.5,418.5
10-29-79,413,422,410.5,417.75
10-26-79,431,432,416.5,417
10-25-79,435,435,428.5,434.5
10-24-79,442,442.5,431,437
10-23-79,453,453.5,443.5,446.75
10-22-79,456,456,448,454
10-19-79,447.5,457,447,456
10-18-79,448,450,443.5,445.75
10-17-79,440.5,447.5,439,446.5
10-16-79,431,440,427.5,439.5
10-15-79,441,445.5,432,433.25
10-12-79,437,442,436,439.5
10-11-79,435.5,441.5,435,436.5
10-10-79,437,443,426,435.5
10-09-79,460,461,435.25,436
10-08-79,455,459,453,455.25
10-05-79,470,470,458,458.5
10-04-79,472,479,466,467.5
10-03-79,460.5,474,457,472.25
10-02-79,472.5,472.5,453,461.5
10-01-79,457,470,457,465.5
09-28-79,459,459,450,450.75
09-27-79,450,459,449,456
09-26-79,440,447,438.5,443.75
09-25-79,450,452,443,444.5
09-24-79,452,455,449,452.75
09-21-79,445.5,450.5,443,449.25
09-20-79,449,454.5,446,447.5
09-19-79,434,441,429,430.5
09-18-79,448,456,437,437
09-17-79,437,447,436,440
09-14-79,442,449,436.5,437
09-13-79,436,446,432.5,446
09-12-79,425,431.5,424,426
09-11-79,429.5,434,426,426
09-10-79,423,432.5,422,430.5
09-07-79,423,427.5,420,424.25
09-06-79,429.5,431.5,423,423.5
09-05-79,428,432.5,417.5,431
09-04-79,446.5,447.5,427,427
08-31-79,444.5,448,444,447
08-30-79,447,454,446,446.25
08-29-79,435.25,447,434,444
08-28-79,438.5,439.5,431.5,436.5
08-27-79,442,447.5,439,440.5
08-24-79,438,446.5,437,444.75
08-23-79,440.5,440.5,434.5,437.25
08-22-79,452,452,441,442
08-21-79,437.5,449,437,448.5
08-20-79,440,440,435,436.25
08-17-79,439,444.5,435,438.5
08-16-79,433,439,430,438
08-15-79,424,440,424,434.5
08-14-79,420,431.75,420,431.75
08-13-79,408,412.5,405,411.75
08-10-79,417,418,414,416
08-09-79,418,419,415,417.5
08-08-79,407,419,406.5,416.5
08-07-79,408,414.5,405.5,408.5
08-06-79,410,410,403,407
08-03-79,415,416,405.5,411.5
08-02-79,425,426,411,414.5
08-01-79,414.5,422.5,412.5,421.75
07-31-79,418,422,410,410.5
07-30-79,423,425.5,410.5,416
07-27-79,439,442.5,422,427.25
07-26-79,427,436.5,427,435.25
07-25-79,429,432.5,426.5,427.5
07-24-79,435,438,423,430.5
07-23-79,444,451,430,440.5
07-20-79,438,446.5,438,446.25
07-19-79,448,448,437,438.75
07-18-79,455,457,450,450.5
07-17-79,446.5,453.5,446.5,449
07-16-79,441,451,441,444.75
07-13-79,436.5,442.5,435,441
07-12-79,451,454,439.5,439.5
07-11-79,456,462,448,459.5
07-10-79,468,470,454,455
07-09-79,463,467,461.5,462.75
07-06-79,468.5,475,463,464.5
07-05-79,446,463.5,446,463.5
07-03-79,448,450,439.5,443.5
07-02-79,434,448,433,443.25
06-29-79,432,449,428,428.25
06-28-79,461,466.5,445,445.25
06-27-79,475,475,460,464
06-26-79,470,477.5,464.75,471
06-25-79,474,474,463.75,467.5
06-22-79,485,486,474,483.75
06-21-79,463,469,460,468.25
06-20-79,440,457.5,440,451.25
06-19-79,433,442.5,431.5,439.25
06-18-79,435,442,432.25,434.5
06-15-79,439.5,444.5,424.5,442.75
06-14-79,432,442,432,441
06-13-79,410,425.5,409,422
06-12-79,416,420,407,408
06-11-79,411,423.75,409,419.5
06-08-79,384.5,404.5,384,403.75
06-07-79,386,391,380.5,384.5
06-06-79,373,390,371.5,385.75
06-05-79,370,374,370,373.75
06-04-79,371.5,376,370.5,371.25
06-01-79,366.5,370,365.5,369.5
05-31-79,362.5,368.5,362,366.75
05-30-79,360.25,364.5,359.25,362.5
05-29-79,354,361.5,353.5,360.75
05-25-79,361,361.5,353.5,354.25
05-24-79,365.5,365.5,358,359.5
05-23-79,362.5,367.75,360,365.75
05-22-79,361,363,360.5,363
05-21-79,356.5,360.5,356.5,358.75
05-18-79,362,363.25,355,356.5
05-17-79,360.25,364,360.25,361
05-16-79,372,372.5,364.75,366.5
05-15-79,375,377,369.75,372
05-14-79,367.5,377.5,362,377.5
05-11-79,378,379,368,371.5
05-10-79,376.5,382.5,370,370
05-09-79,367.5,376,366.25,375.5
05-08-79,360.5,365.5,360,365.5
05-07-79,363.5,364,361,361.5
05-04-79,365,367,362.25,365
05-03-79,366,369,360.5,363.75
05-02-79,355,368,354.5,364
05-01-79,352.5,357.5,352.5,354.75
04-30-79,349,354.5,348.5,353.75
04-27-79,346,354,345.5,351
04-26-79,344.5,347.5,344.5,346.25
04-25-79,348,349,345,345.25
04-24-79,342,347.75,341,347
04-23-79,337.25,340,337.25,339.75
04-20-79,338.25,338.75,336,338.25
04-19-79,340.5,341.5,338.25,338.75
04-18-79,343,343,339,339.75
04-17-79,337,342.75,337,341.75
04-16-79,337,337.5,335,336.5
04-12-79,340,343,337.5,338.25
04-11-79,337.75,340,337.5,339.75
04-10-79,333.5,338,332,337.75
04-09-79,336,336,333.25,334.5
04-06-79,337.5,339.25,336,336.5
04-05-79,336,338.5,335.75,337.75
04-04-79,333,336.5,333,336.25
04-03-79,334.5,336.25,332.75,333.5
04-02-79,339,340,334,334.25
03-30-79,339,340.5,337.75,339.75
03-29-79,346.5,346.5,339,340
03-28-79,348,351,347.75,348
03-27-79,346,347.75,343.25,347.75
03-26-79,346.5,348,346.5,346.75
03-23-79,341,346.75,341,345.25
03-22-79,343,344.75,342,342.25
03-21-79,377,377,373,374
03-20-79,376.5,377.5,373.5,377
03-19-79,376.75,377,373.5,377
03-16-79,376.75,376.75,376.75,376.75
03-15-79,367,377,367,376.75
03-14-79,373,373,367,368
03-13-79,378,378.5,371,371.5
03-12-79,385,385.5,378,379.25
03-09-79,385,387,383.5,386.5
03-08-79,384,387,382,383.25
03-07-79,385,385.5,381.5,385.5
03-06-79,387.5,387.5,380,381.75
03-05-79,378,386.5,377,386.25
03-02-79,386,390,377,380
03-01-79,376,384.5,375,384.5
02-28-79,371,376.5,371,375.75
02-27-79,363,370.5,363,369.25
02-26-79,362,366,359,365.75
02-23-79,366.5,368,363,364
02-22-79,370,373.5,366,366.25
02-21-79,358.5,369,357.25,368.75
02-20-79,357,359,355.5,358.5
02-16-79,362.5,363.5,358,359
02-15-79,364.5,365,362,362.5
02-14-79,364,364,361.25,363.5
02-13-79,361,362.5,358,362.25
02-12-79,366.5,366.5,362.5,364.5
02-09-79,362.25,369,361.75,367.5
02-08-79,360,365,359.5,361.75
02-07-79,359,363,359,362.5
02-06-79,359,359,355.25,356.25
02-05-79,357,362,356.5,358.5
02-02-79,351.75,355,351.25,354.5
02-01-79,351.5,352,348.25,351.75
01-31-79,353.25,354,351,351.5
01-30-79,349.75,354,349.25,353.5
01-29-79,349.5,349.75,346.25,349.25
01-26-79,351.5,351.75,345.5,350.25
01-25-79,352,353,350,351
01-24-79,353,354,349.5,352
01-23-79,351,353,348.25,352.5
01-22-79,361,361,350,350.75
01-19-79,352,356,351.5,355.5
01-18-79,356,356.5,350.75,352.25
01-17-79,348.5,355,347.75,354.5
01-16-79,353.5,353.5,348.25,350.25
01-15-79,356,357,352.5,354.75
01-12-79,351.5,358,350.5,354.5
01-11-79,348,355,346,354.5
01-10-79,340,347,339,346.5
01-09-79,336.5,342,335.5,340.5
01-08-79,335,337.5,334.75,336.75
01-05-79,333.5,335.5,332.5,334
01-04-79,336.5,338,332,332.25
01-03-79,339,339,335,337.25
01-02-79,345.5,346.5,340.5,340.75
12-29-78,345.75,345.75,343,343.25
12-28-78,343,346.5,342.75,344.75
12-27-78,339.25,342.5,339,342.25
12-26-78,340.5,340.5,338,338.5
12-22-78,339.5,341.5,339.5,340
12-21-78,341,341.5,337.5,338.5
12-20-78,344.5,344.5,341.5,342
12-19-78,373.5,377,361,373
12-18-78,362.5,374.5,362.5,373.75
12-15-78,349.75,363,348,360.25
12-14-78,352,352,347.5,348.5
12-13-78,359.5,361,347,352.25
12-12-78,357.5,359.5,356,358.75
12-11-78,362.5,362.5,358,359.5
12-08-78,362.5,363.5,359.5,363
12-07-78,361.25,364.5,361.25,364.25
12-06-78,361,366,360.5,360.5
12-05-78,365.5,366.5,359,361.5
12-04-78,375,375,367,367.75
12-01-78,378,378.25,373.5,374.75
11-30-78,375,378.75,374,378
11-29-78,367.5,373,367.25,372.25
11-28-78,368.5,371.5,364.5,366.75
11-27-78,375,375,369,370.5
11-24-78,371,376.5,371,375
11-22-78,364,367.75,364,367.75
11-21-78,358,363,355,362.75
11-20-78,357.5,360.5,356,357.25
11-17-78,357,362,356.5,358.5
11-16-78,354,358.75,354,358.25
11-15-78,355,359.5,354,354.75
11-14-78,366.5,366.5,362.25,362.5
11-13-78,362,367.5,360,367.25
11-10-78,360,363,359,362.75
11-09-78,360,360,353,356.75
11-08-78,364,365,358.5,360.75
11-06-78,365.5,369,359,363
11-03-78,361,367,358,366.75
11-02-78,359,361,356.5,360.75
11-01-78,355,366,355,358
10-31-78,360,362,357.5,361.5
10-30-78,367,368,362.25,364
10-27-78,357.5,365,356.5,364.75
10-26-78,353,368.25,349.5,359
10-25-78,343,354.5,343,352.5
10-24-78,338,341,338,340.75
10-23-78,338,339.5,334,335
10-20-78,342.5,345.5,337.5,338
10-19-78,349,353.25,345.5,346.25
10-18-78,350.5,350.5,348,349.75
10-17-78,352.5,353.5,350.25,351
10-16-78,353,354.25,350.25,353
10-13-78,351,353.75,348.5,352.75
10-12-78,342,352,341.25,350.25
10-11-78,345.5,345.75,341.5,343.5
10-10-78,347.5,348.75,344.25,345.25
10-09-78,344.5,348,344,346.5
10-06-78,345,345.25,343.5,344.5
10-05-78,344,345.75,343.25,345.5
10-04-78,349,349,343.25,343.75
10-03-78,349.5,350,345.75,346.5
10-02-78,343,348.5,342.5,348.25
09-29-78,344,344,341,342.75
09-28-78,345,345,342,343.75
09-27-78,342.5,345,341,343.5
09-26-78,343.75,344,340.25,341.25
09-25-78,338,344.5,337,342.75
09-22-78,333.5,342,332.5,339
09-21-78,335,336.75,332.25,334
09-20-78,340,343.5,339.25,341
09-19-78,335,338,333.5,337.75
09-18-78,332,336,331.5,334.75
09-15-78,333.5,333.5,330.25,330.5
09-14-78,336,338,335,336.5
09-13-78,335,337.75,332.5,335.25
09-12-78,333,333,331.25,332.25
09-11-78,336.5,336.5,333.5,333.75
09-08-78,338.5,338.5,334.5,337.25
09-07-78,336.5,339.5,336.5,337.5
09-06-78,333.5,337,333.5,335.25
09-05-78,338,338.5,331,334.75
09-01-78,336,340,334.75,339.75
08-31-78,333.5,336.5,333.25,335.5
08-30-78,328.5,333.5,328.25,332.25
08-29-78,331.5,332.75,324.5,326.75
08-28-78,331,333.75,329.75,331.5
08-25-78,335,337.5,333.5,335.5
08-24-78,328.5,336,327.5,333.5
08-23-78,323,330,322,329.75
08-22-78,326,328,324,324
08-21-78,329.25,329.5,320,324.25
08-18-78,326,332,326,329.75
08-17-78,323.5,330.75,322,326.75
08-16-78,328.5,329.5,323.5,324.5
08-15-78,325.5,331,322.5,330.5
08-14-78,321,328,320,324.5
08-11-78,308,319,308,318.75
08-10-78,311,313.5,310,312.25
08-09-78,308,311.75,308,311.25
08-08-78,305,309,304.5,307.75
08-07-78,314.5,315,305,305.25
08-04-78,312.25,316,312.25,314.75
08-03-78,309.5,313.75,309.5,312.75
08-02-78,309.5,312,308.5,309.75
08-01-78,316,316,311.25,311.75
07-31-78,316.5,316.5,312,315.75
07-28-78,319,322,315.5,315.75
07-27-78,316.5,317,313.5,315.25
07-26-78,312.5,316.5,312.5,315
07-25-78,307,312.25,306.5,311.5
07-24-78,316,316.5,309,309
07-21-78,311,319.5,308.5,318.75
07-20-78,307,308.5,306.5,306.5
07-19-78,303,307,301.5,306.75
07-18-78,307,309.75,303.75,304.25
07-17-78,311.5,311.5,307,308.25
07-14-78,312.75,315.25,311,312
07-13-78,313.5,315.5,312,313
07-12-78,318.5,319.75,315.25,315.5
07-11-78,319.5,321.25,317,320.5
07-10-78,324,326.75,320.5,321
07-07-78,326,326.75,324.5,324.5
07-06-78,326,329,323,325.25
07-05-78,319,327.5,318.5,326.75
07-03-78,312.5,321,311.25,317.5
06-30-78,312,316.25,312,314.75
06-29-78,310,313.25,309.5,310.25
06-28-78,313,315,310.5,310.75
06-27-78,321,323,315.5,315.75
06-26-78,323.5,324,320.25,321
06-23-78,322,323.75,319.5,321.25
06-22-78,317.25,324,316.5,322.5
06-21-78,323,324,319.25,319.5
06-20-78,324.5,324.5,320,322.5
06-19-78,324,328,321,324.25
06-16-78,313,321.5,311.75,321.25
06-15-78,311.25,316.5,310.5,312.75
06-14-78,310,311.75,308.25,309.5
06-13-78,311,313,309,310.25
06-12-78,316,317,310,310.5
06-09-78,324.25,325.5,316,317.5
06-08-78,324.5,326.75,321.5,324.5
06-07-78,328.5,329,322.75,324.75
06-06-78,330.5,331,326.5,329
06-05-78,323,330,320,329.5
06-02-78,324,329,319,323.5
06-01-78,331,331,325.25,326.25
05-31-78,339,340,331.75,332
05-30-78,333,341,330.75,339.25
05-26-78,334.5,334.5,330.25,332.75
05-25-78,328,334,326.5,333.25
05-24-78,331.5,336.75,328.5,329.5
05-23-78,328,334,326,333.5
05-22-78,321.5,323.5,318,323.25
05-19-78,324.5,326,321.5,325.75
05-18-78,322.5,324.5,317,324.5
05-17-78,320,325,319,320
05-16-78,323,326,320,321
05-15-78,314.25,322.25,313.5,321.5
05-12-78,308,312.5,307,312.25
05-11-78,305.25,308,304.75,307.5
05-10-78,304,304,300,303.25
05-09-78,299,302.5,297.5,301.5
05-08-78,302.5,303,299,299
05-05-78,298.5,300.5,298.5,300
05-04-78,297,299,295.75,297
05-03-78,294,294.75,291.5,294
05-02-78,300,301,296,296
05-01-78,307,308.5,300.5,301
04-28-78,305,309.5,304.5,309
04-27-78,299,305,299,303.25
04-26-78,305.5,307,298,300
04-25-78,297,305.5,297,304.75
04-24-78,311.5,311.5,296,296.5
04-21-78,320.5,320.5,311.5,315
04-20-78,320,320,315,317.75
04-19-78,326,326.5,318.5,322.25
04-18-78,326.5,327,318,324.5
04-17-78,323.5,330,322,326.25
04-14-78,314,325.5,310.5,322.25
04-13-78,320,320,312.5,313.25
04-12-78,327,328.5,322,322.5
04-11-78,335,335,325.5,330.75
04-10-78,329.75,335,327.5,331.75
04-07-78,320.5,327,317.25,326.5
04-06-78,321,322,317.5,319.75
04-05-78,321,326,317.25,321.75
04-04-78,312,321,309,318
04-03-78,311.5,314.5,307,311.25
03-31-78,309,314.5,307.5,313.5
03-30-78,294,304,294,303.5
03-29-78,299.5,300.5,286,292.5
03-28-78,301,304,299,302.25
03-27-78,297,305,297,303
03-23-78,295.5,297,292.25,295
03-22-78,294,298.5,293,295
03-21-78,290,290,281.75,284.75
03-20-78,293,298,289,289.5
03-17-78,285,297,285,295.5
03-16-78,280,281.75,279,280.25
03-15-78,275,282,275,280
03-14-78,276,277.5,274,275.25
03-13-78,273,274.75,270,274
03-10-78,274.5,276,271,273
03-09-78,282.5,282.5,274.75,278.5
03-08-78,280.5,283.75,278.5,280
03-07-78,271,280,271,280
03-06-78,266.5,270.5,266.5,270
03-03-78,262.5,269.5,262.5,265.75
03-02-78,258.5,261.25,258,260.5
03-01-78,253.5,259.25,253.5,259
02-28-78,253,253.75,251.75,253
02-27-78,256.5,256.5,253.5,254
02-24-78,258.5,260,256.5,256.75
02-23-78,263.5,263.75,258.75,258.75
02-22-78,264.5,265.75,263.5,263.75
02-21-78,265,267.5,263.25,264.5
02-17-78,265.5,267,265,265.5
02-16-78,266.5,266.5,264.5,265
02-15-78,269,269.75,266.25,266.5
02-14-78,268.75,270,266.5,269.5
02-13-78,271,271.5,266.5,267.5
02-10-78,267,269.5,267,269.25
02-09-78,265,267,264,266.25
02-08-78,268,268,265,265
02-07-78,268.5,268.75,267.25,267.5
02-06-78,268.75,270,268.25,268.25
02-03-78,268,268.5,265.75,267.5
02-02-78,268.5,269.5,267.25,268.5
02-01-78,265.75,269.5,265,267.5
01-31-78,270,270.25,266.25,266.75
01-30-78,273,274.25,270.5,270.75
01-27-78,270,273.25,270,272.5
01-26-78,272.5,273.5,269,269.75
01-25-78,273.5,274.75,272.75,273.5
01-24-78,276,276,273.25,273.75
01-23-78,273.5,277.25,273,275.5
01-20-78,271.25,274,271,273.75
01-19-78,270.5,272,270.25,270.75
01-18-78,271.5,272.75,270,270.75
01-17-78,268,271.75,267.5,270.75
01-16-78,276,276,268,270
01-13-78,278,279,276.5,276.75
01-12-78,277.5,279,276.5,277.5
01-11-78,280,280.75,278,279
01-10-78,277.25,279.75,276.75,279.75
01-09-78,277.75,277.75,274.5,276.25
01-06-78,274,277.5,272.25,277
01-05-78,278,278.5,273.5,273.5
01-04-78,274.25,277.75,273.25,277.5
01-03-78,280,280.75,274.75,275
12-30-77,279.5,280,278.5,279.25
12-29-77,282,282.5,279.25,280.25
12-28-77,281.5,283.25,277.25,283
12-27-77,278,292,277,280
12-23-77,274.25,275.5,273,274.5
12-22-77,270.25,271.25,268.75,271
12-21-77,268.5,269.5,267.5,269.5
12-20-77,256.5,258.25,256.5,258
12-19-77,257,257,255,255.5
12-16-77,255.25,257.5,255.25,255.5
12-15-77,254,257,254,256.5
12-14-77,257,257,255.25,255.25
12-13-77,255.25,257,253.75,257
12-12-77,258.5,258.75,253.75,254
12-09-77,262.5,262.5,260,260
12-08-77,261,263,260.25,261.25
12-07-77,258.5,261.75,258.5,259.75
12-06-77,257,257.25,255.5,257
12-05-77,266,266.25,256.5,256.5
12-02-77,268.5,268.5,265,265
12-01-77,263.5,268,262,266.75
11-30-77,267.5,268.75,263.5,263.75
11-29-77,268.25,269.5,265,269
11-28-77,277,277,267.5,267.5
11-25-77,273,275.5,273,275
11-23-77,271.5,274,270.5,271.75
11-22-77,277.5,277.5,272.75,272.75
11-21-77,281.5,283.5,276.75,277
11-18-77,277.5,281.25,276.75,281
11-17-77,280,280,277,277.25
11-16-77,280.5,283.5,279.75,282.25
11-15-77,274,279.5,274,279
11-14-77,270.25,274,269,272.5
11-11-77,270,270.5,268,270.25
11-10-77,269,269.5,268.25,269
11-09-77,269.5,269.75,267,267.75
11-08-77,267.75,271.25,266.5,267.25
11-07-77,268,269.75,266.75,269
11-04-77,264.25,269,263.5,266.75
11-03-77,264.5,265.75,262.25,264
11-02-77,268,269,264.75,265.75
11-01-77,260,261.5,257.25,261.25
10-31-77,259.5,261,257.75,259
10-28-77,257.5,263,257.5,258.5
10-27-77,256,260,256,257.75
10-26-77,251,256,250.25,255.75
10-25-77,252.5,252.5,249.75,250.75
10-24-77,251.75,253.5,250.5,252
10-21-77,247.5,250,247,249.25
10-20-77,247,249.25,246.5,247.25
10-19-77,250,250.25,247.25,247.25
10-18-77,250,250.75,248.25,249.75
10-17-77,248.5,250.5,247.5,249.5
10-14-77,246,248.75,244.5,248.25
10-13-77,243,245.75,241,245.25
10-12-77,248.75,248.75,245.5,245.75
10-11-77,249.5,250.5,249,249.5
10-10-77,254.5,254.5,250.25,250.75
10-07-77,255.5,257.75,252.5,253
10-06-77,256.75,258.25,256.5,256.75
10-05-77,258.25,259.5,256,256.25
10-04-77,258.25,261.25,256.5,258.25
10-03-77,252.5,257.75,251.5,257.5
09-30-77,252.5,253,251.5,252.25
09-29-77,250,251.5,249.25,250.75
09-28-77,251,252.75,248,249
09-27-77,252,253,251,251.5
09-26-77,249.5,254,247.75,253
09-23-77,249,252,248.5,251.25
09-22-77,253,253.75,249.25,249.5
09-21-77,242.25,245,241.5,245
09-20-77,238,241,238,239.5
09-19-77,234.5,238.5,233.5,236.75
09-16-77,234,235,233.25,235
09-15-77,235.5,235.5,233.5,234.25
09-14-77,237.5,238.5,234.5,234.5
09-13-77,235.5,239.5,234,239.5
09-12-77,230.5,236.25,230.5,235.25
09-09-77,229,233.5,229,231.75
09-08-77,227,229.25,227,228.25
09-07-77,226.75,226.75,225,226.25
09-06-77,222.25,227,222,226.75
09-02-77,220.5,222,220.5,222
09-01-77,220,220.75,219,220.25
08-31-77,218.5,220.5,217.75,219.75
08-30-77,218,218.5,217.5,218
08-29-77,217.75,218.75,216.75,217.5
08-26-77,219.5,219.5,217.5,218
08-25-77,219.5,222,219,219.75
08-24-77,216.5,220,216.5,219.25
08-23-77,214.75,215.75,214.75,215.5
08-22-77,217,217.25,214.25,214.75
08-19-77,219.25,219.25,217,217.25
08-18-77,217,219.75,217,219
08-17-77,220.5,221.25,218.5,218.75
08-16-77,217,221,216.75,220.25
08-15-77,222.5,222.75,217,218
08-12-77,223.5,224,222.25,222.25
08-11-77,224.5,224.75,223.75,223.75
08-10-77,225,226,224.25,224.75
08-09-77,226,226,224.25,224.5
08-08-77,226,226.5,223.5,225.25
08-05-77,227,228.25,225.75,227.5
08-04-77,228,228.75,226.5,226.75
08-03-77,226,228.75,224.75,227.25
08-02-77,229,229.5,225.25,225.25
08-01-77,226.5,228.5,223.75,228
07-29-77,225.25,226.5,223.25,225.5
07-28-77,227.75,228,223,225
07-27-77,231,232.25,227,227.75
07-26-77,232.25,233,230.75,231
07-25-77,231.5,232,231,231.5
07-22-77,233,234.5,231.75,232.5
07-21-77,233,234.5,231.5,231.75
07-20-77,230.5,233,230,230.25
07-19-77,229.75,232.75,229.75,231.75
07-18-77,225.5,228,225.5,227.75
07-15-77,232.5,232.5,229.25,229.25
07-14-77,233.5,234.5,233.5,233.5
07-13-77,229,234,229,231.5
07-12-77,230,232.5,227.5,227.5
07-11-77,235,235,230,230.5
07-08-77,234.5,238.5,234.5,237.25
07-07-77,237.25,238.75,235.75,236
07-06-77,239,239.5,237.5,238.75
07-05-77,239,243.5,235,235.25
07-01-77,241,241.5,237,240.25
06-30-77,243.5,244.75,242.5,244.5
06-29-77,250,250,245.5,246
06-28-77,251,252,246.5,250
06-27-77,241.25,249,241.25,248.5
06-24-77,238.5,241.25,238.5,240
06-23-77,238.25,242.5,238.25,241
06-22-77,237.25,237.75,235.25,237.5
06-21-77,242.25,242.25,238,238.75
06-20-77,240.5,244,240.5,242.25
06-17-77,241.5,242,239.75,240.75
06-16-77,239.5,241,239.5,240.75
06-15-77,236.25,243.5,236.25,240
06-14-77,233.5,236.5,233.25,236
06-13-77,234.5,235.75,233,233.5
06-10-77,239.5,239.5,236.25,236.5
06-09-77,241.5,242,239.25,239.5
06-08-77,241,242.25,240,242
06-07-77,241,242.5,241,241.75
06-06-77,242,243.5,240,241.25
06-03-77,244.25,245,242.5,243
06-02-77,246.5,247,243.5,243.75
06-01-77,246.25,249,246.25,247.25
05-31-77,245,249.5,244.5,246.25
05-27-77,247.5,247.5,245.5,245.5
05-26-77,248,248,245.5,247.25
05-25-77,251.75,252,248.25,248.75
05-24-77,252,254.75,251,252
05-23-77,247.5,251.25,247.5,249.5
05-20-77,249,249.75,247,248
05-19-77,247,247.5,245.5,246.75
05-18-77,244,246.5,242.5,246
05-17-77,248,249,246.5,247
05-16-77,249,249.25,248,248
05-13-77,255,255,249,250.5
05-12-77,245,252,245,252
05-11-77,244.75,246.25,244,244
05-10-77,246,247,243,243
05-09-77,248,249,247.5,248.5
05-06-77,249.25,252,249,251
05-05-77,249,250.5,248.5,248.75
05-04-77,251.5,252.25,250.25,251
05-03-77,257.75,257.75,252.5,254
04-29-77,259,260.5,257.25,257.25
04-28-77,254,259.25,254,258.25
04-27-77,257,259,255,255
04-26-77,255,258.25,254.25,258
04-25-77,260.5,260.5,256.25,256.25
04-22-77,266.5,266.5,261.5,262.25
04-21-77,266.5,268.25,265.5,265.5
04-20-77,269.5,269.5,266.5,268.25
04-19-77,269.25,270,268.25,269.75
04-18-77,270.5,272,267.5,269.25
04-15-77,269,270.5,267.25,270
04-14-77,267,269.25,267,267.5
04-13-77,272,275,267,267.5
04-12-77,270.5,272,269,271.5
04-11-77,267,269.5,265.5,269
04-07-77,266,268.25,265,267.75
04-06-77,265.5,266.75,264.5,266.5
04-05-77,268.25,269.25,265,265
04-04-77,271.5,271.5,268.25,268.5
04-01-77,274.5,275,273,273.25
03-31-77,271.25,273,270,272.75
03-30-77,275.5,275.5,271.25,271.5
03-29-77,275.5,276.25,274.5,275.25
03-28-77,277.5,278.75,275,275.25
03-25-77,278,280.5,278,280.25
03-24-77,277.5,279,277.25,279
03-23-77,278,280.25,277.75,278.25
03-22-77,275,275,273.75,273.75
03-21-77,272.75,276,272.75,275.5
03-18-77,271.5,273,271.5,272.75
03-17-77,273.75,274.75,272,272.25
03-16-77,271.5,273.5,271.5,273.25
03-15-77,271.25,271.25,269,270.75
03-14-77,270.5,273,270.5,272
03-11-77,273.5,274.75,271.75,274.25
03-10-77,275,275.5,272.5,274.5
03-09-77,276.75,277.25,275.5,276.75
03-08-77,277.5,278,274,276.75
03-07-77,275.5,279,273.5,273.5
03-04-77,270,274,270,273.25
03-03-77,269,273,268.5,270.5
03-02-77,273.75,274.25,269.25,269.5
03-01-77,272,274.25,270.5,274.25
02-28-77,279.5,282.5,271,271
02-25-77,283.5,283.75,280.25,280.75
02-24-77,284,286,284,284.75
02-23-77,282,285.25,281.5,283.5
02-22-77,282.5,284.25,281.75,281.75
02-18-77,282.75,287,281.5,286.25
02-17-77,281.5,283.75,281.5,283
02-16-77,280,283,280,281
02-15-77,275.75,280.5,275.75,280.5
02-14-77,277.5,277.5,275.75,276.25
02-11-77,280.5,281.75,277.5,277.75
02-10-77,282.5,282.5,280.75,281
02-09-77,279.5,281.75,279.5,281.25
02-08-77,279,280.75,278,279.5
02-07-77,280,283.5,278,278.5
02-04-77,275.25,280,275,279.75
02-03-77,273,277.25,273,275.75
02-02-77,273,273.25,272,272.75
02-01-77,273,274.25,272.75,274
01-31-77,272.5,274.5,272.5,274.5
01-28-77,272.5,273.75,270,272.25
01-27-77,275.5,277.25,272,272.5
01-26-77,276,277,273,275.5
01-25-77,281,281,278.5,279
01-24-77,278.5,281.5,276.75,281
01-21-77,277.75,279,277,278
01-20-77,278.5,278.5,276,278.5
01-19-77,277.5,278.5,276.5,278.25
01-18-77,277,280,276.25,277.75
01-17-77,277,279.25,276.5,278.25
01-14-77,278,278.5,275,276.25
01-13-77,283,284,277,278.75
01-12-77,281.25,283,281.25,282.5
01-11-77,282,282,279.75,281
01-10-77,278.5,283,278.5,282
01-07-77,282,282,277.5,278.5
01-06-77,277,281.75,276.75,281
01-05-77,274.75,278.5,274.75,277.25
01-04-77,274,275,272,274.75
01-03-77,276.5,276.75,273,274.5
12-30-76,278.5,279,276.75,277.75
12-29-76,281.5,282,278,279
12-28-76,279,280.75,276.5,280.75
12-27-76,273.25,278.75,272.5,278.75
12-23-76,270,273,269,272
12-22-76,267.5,269.75,267.25,268.5
12-21-76,266.5,268,265,267.75
12-20-76,257,258,256.5,257.5
12-17-76,260,260,256.25,256.75
12-16-76,260,261.5,258.5,261.25
12-15-76,265.5,265.5,260,260.25
12-14-76,265.5,266,264,264.75
12-13-76,262.75,266,262.5,264.5
12-10-76,264,264,262.25,263.25
12-09-76,265.5,265.5,263.25,264.75
12-08-76,262.5,266.5,260.5,266.5
12-07-76,265.5,265.5,262,262.25
12-06-76,261.5,265,261,264.75
12-03-76,257.5,261,257.5,260
12-02-76,256,258.75,256,256.75
12-01-76,254.75,256.75,253.75,255.75
11-30-76,249,254.25,249,254.25
11-29-76,257,257,251,251.5
11-26-76,260,260,257.5,257.75
11-24-76,262.5,263,260.5,261.5
11-23-76,263,264.25,261.25,261.75
11-22-76,260,265,260,263.5
11-19-76,258,261.5,257.75,260
11-18-76,258.75,261,256.75,259
11-17-76,262,265.75,258.5,260.25
11-16-76,263,263.5,258.75,262.75
11-15-76,257.5,262,255.5,261
11-12-76,256,258.5,255.75,257.5
11-11-76,258,259,250.5,255.5
11-10-76,266,267.5,264.25,265.5
11-09-76,267,269,264.75,265.25
11-08-76,270.5,275.5,268.5,270
11-05-76,274.5,275.5,270,271.5
11-04-76,272.5,276,272.5,274
11-03-76,278,279,270.25,272.5
11-01-76,275.75,278.5,272,277
10-29-76,270,276.25,269.5,275.25
10-28-76,273,275,268.75,271.25
10-27-76,279,280,271.75,275.25
10-26-76,281.5,282.5,276.75,278.5
10-25-76,285,285.75,279,280.5
10-22-76,282,284.75,280,284.5
10-21-76,291.5,292.75,286.25,287
10-20-76,291.25,292,288.5,291
10-19-76,290.5,293,290.25,292
10-18-76,289,293.25,287,288.5
10-15-76,294,294,286,289.5
10-14-76,304,305,291,296
10-13-76,302,310,300,308
10-12-76,291,295,288.5,294.5
10-11-76,293.5,293.75,288.5,291
10-08-76,298.5,299,293.25,295
10-07-76,294.5,300.5,293.5,298
10-06-76,291,296,289.75,295
10-05-76,290,294.5,285.5,291.25
10-04-76,282.5,293.5,280.75,290
10-01-76,289.5,290,282.5,284
09-30-76,290,291.5,286.5,288.25
09-29-76,300,300.5,292,292
09-28-76,302.5,304.5,300,300.75
09-27-76,307.5,308,298,302.5
09-24-76,312,313,307,307
09-23-76,307,316,306.5,313.5
09-22-76,306,309,304.5,309
09-21-76,303,303,300.5,300.5
09-20-76,301.5,301.5,294,296.5
09-17-76,307.5,307.5,301,302
09-16-76,312.5,314.5,308.5,308.5
09-15-76,309,312.5,306,311
09-14-76,312.5,312.5,305.75,306.25
09-13-76,315,318,306.5,309.5
09-10-76,324,324,320.5,320.5
09-09-76,318,323.75,318,322.5
09-08-76,329,329,318,319.5
09-07-76,324.5,332.25,324.5,330.5
09-03-76,320,320.5,316,319.5
09-02-76,317,324.5,317,321
09-01-76,311,314,309.75,314
08-31-76,307,311.75,306.75,310
08-30-76,310,312,304.25,306
08-27-76,311.5,314.5,307.5,310
08-26-76,311.5,314.25,309.75,312.5
08-25-76,316,319.5,313,313.5
08-24-76,325,325,319,320.75
08-23-76,326,328.5,324.5,325.75
08-20-76,326,327.5,322,322
08-19-76,323,329.5,323,324.5
08-18-76,316.5,321,315.5,319.25
08-17-76,324,325,316.5,317
08-16-76,326,327.5,324.5,325.25
08-13-76,328,331,324,326.5
08-12-76,324.5,326.5,323.25,325
08-11-76,321.5,324.5,321,324.5
08-10-76,325,328,321,324.5
08-09-76,330,331,322.5,323.5
08-06-76,333.5,334,330,330.5
08-05-76,336,337.5,333.25,336
08-04-76,335,340,335,337.5
08-03-76,327,335.5,327,332
08-02-76,338,339.5,327,329
07-30-76,345,347.5,340.5,340.5
07-29-76,348,349.5,345,345
07-28-76,350,354,348.5,348.5
07-27-76,348,352.5,344.5,349
07-26-76,353,353,346.5,349
07-23-76,349.5,357.25,349,354
07-22-76,356,356,341,349
07-21-76,357,360.5,352,354
07-20-76,349,360,349,356.5
07-19-76,360,361,349.5,350
07-16-76,363,363,358,359
07-15-76,371,371,358,362
07-14-76,363.5,373,362,373
07-13-76,359,363,357,358.5
07-12-76,368,371,355.5,356
07-09-76,379,379.5,369,369
07-08-76,371.5,378.5,368.5,374
07-07-76,386,386,368,368.5
07-06-76,390,396,387,388
07-02-76,386,392.5,378,381
07-01-76,360,382.75,360,379
06-30-76,365,368.5,362.5,363
06-29-76,368.5,371,366,367
06-28-76,368.5,373.5,367,369
06-25-76,374,376,365.5,368.5
06-24-76,364,374,361,371
06-23-76,363,364.5,356,363
06-22-76,371,378,365,368
06-21-76,360,373,358,370
06-18-76,360.5,362.5,356,359
06-17-76,363,366.75,357.5,359.5
06-16-76,359,367,357.5,362
06-15-76,365,367.5,357.5,360
06-14-76,368,377,368,368
06-11-76,378,380.5,366,371
06-10-76,386,391,380,382
06-09-76,381,382,373,379
06-08-76,375,386.25,373,374
06-07-76,366,376,366,370
06-04-76,367,370,360.5,362
06-03-76,367,371,364,366.25
06-02-76,367.5,375.5,365,365.5
06-01-76,356,372,354.25,368.5
05-28-76,353,357.5,351,356.25
05-27-76,355,361,353,358
05-26-76,352.5,356,351,354
05-25-76,358,359.5,348.5,349.5
05-24-76,346.5,363,346.5,360
05-21-76,343,345.5,341.5,344.75
05-20-76,350,351,345,345.5
05-19-76,344.5,344.5,340.5,342.5
05-18-76,348.25,348.5,343,344.5
05-17-76,351.5,355.5,348.5,350.25
05-14-76,355,355,348,352.25
05-13-76,339.5,353,339.5,353
05-12-76,338,342.75,337,341.5
05-11-76,337.5,337.5,333.75,336
05-10-76,331.5,338.5,331.5,335.75
05-07-76,334,335.5,330.25,331
05-06-76,328,332.25,328,332
05-05-76,328.5,333.25,328,329.75
05-04-76,332,334.25,330.25,330.25
05-03-76,328.75,334,328.75,332.5
04-30-76,325.5,331,325.5,328.5
04-29-76,334,334.75,325,327.75
04-28-76,330,334.5,329.5,332.5
04-27-76,335.5,336.25,328.5,329.5
04-26-76,333,336.25,332.75,335.25
04-23-76,348,348.5,335.25,336
04-22-76,347.5,348.5,346,346.25
04-21-76,348,349,346.5,347
04-20-76,351,356.5,349,349.25
04-19-76,353,353.5,347.25,352.25
04-15-76,345.5,357,345.5,356
04-14-76,342,349,342,345.75
04-13-76,347,347.25,344.5,345.25
04-12-76,344,350.75,344,348.25
04-09-76,352,353.75,350.25,351.5
04-08-76,352,354.5,348,352.25
04-07-76,352,357.5,350.5,351
04-06-76,351.5,356.5,350,354.25
04-05-76,345,351.25,343,350
04-02-76,349.5,349.75,345.5,347.75
04-01-76,342,348,340.5,347.5
03-31-76,352,352.5,342,343
03-30-76,348,353.25,348,352.5
03-29-76,350,350,344.75,346.75
03-26-76,358,359,352.25,353.5
03-25-76,368.25,370.5,357.5,358.5
03-24-76,367.5,369.5,365.5,366.5
03-23-76,376,376,369,369.25
03-22-76,371,373,370,371
03-19-76,367,368,365.5,368
03-18-76,365,369.5,365,368
03-17-76,359.5,367,359.5,364
03-16-76,362,363.5,359,359.5
03-15-76,363.5,366,363,363.5
03-12-76,363,366.5,360.5,364.5
03-11-76,365.5,367.5,360.5,363.5
03-10-76,371,372,367,368
03-09-76,375,376,373,374
03-08-76,373,374.5,371,372.5
03-05-76,381,382.5,377,378.5
03-04-76,373,381,368.5,380
03-03-76,369,374.5,369,374
03-02-76,375,379,367.5,371
03-01-76,390,392,381,384
02-27-76,388,390.5,387,390.5
02-26-76,389,392,370.5,370.5
02-25-76,386,392,385,391
02-24-76,382,385.5,378,384.5
02-23-76,381,385.5,380,380
02-20-76,376,380,372.5,377
02-19-76,385,386,380.5,383.5
02-18-76,390,390.5,371.5,379
02-17-76,391,392.5,386,390.5
02-13-76,383,383,378,383
02-12-76,378,392.5,378,387
02-11-76,372,381,369,375
02-10-76,355,369.5,355,369.5
02-09-76,356,356.5,351.5,353.5
02-06-76,351,356.5,350.5,353.5
02-05-76,349.5,354,348.75,351.5
02-04-76,361,361,351,352
02-03-76,353,359,349.5,359
02-02-76,353,360,353,357.5
01-30-76,345,350,344.5,349.5
01-29-76,340.5,345,340,343.5
01-28-76,339,342,335.5,340.5
01-27-76,336,340,333.5,339
01-26-76,337,338,330,333.5
01-23-76,349,352,348,350
01-22-76,353,354,346,349
01-21-76,356,356.5,353.75,356
01-20-76,358,364,358,358.5
01-19-76,356.5,361,356.5,359.5
01-16-76,359,359,352.5,356
01-15-76,361,364.5,356,356.5
01-14-76,358.5,360,355.25,360
01-13-76,359,361.5,356.5,360
01-12-76,352,362,349,362
01-09-76,353.5,353.5,350,351.5
01-08-76,358,360,353.5,353.5
01-07-76,349,361.5,349,355.5
01-06-76,349.75,351.5,346,347.5
01-05-76,339,353,338,350
01-02-76,338.5,338.5,335.5,335.5
12-31-75,334.5,337.25,332.5,335.5
12-30-75,330,335,329,334
12-29-75,337.5,337.5,330,330.5
12-24-75,336,338,335,337.5
12-23-75,341,341.5,337,338
12-22-75,343.5,343.5,339.5,340.5
12-19-75,339.5,343.5,336.5,343.5
12-18-75,330,330.5,325,325.25
12-17-75,323.5,330,323.5,328.5
12-16-75,325,327.5,321.5,326
12-15-75,320,322,317.5,321.5
12-12-75,328,331.5,323,325.5
12-11-75,335,337.5,334,337.5
12-10-75,339,340,334.5,336
12-09-75,335.5,338,329.5,337
12-08-75,344.5,344.5,332,333
12-05-75,349,349.5,344.5,346
12-04-75,352,354.5,349,349
12-03-75,343.5,347,343,343
12-02-75,342,349.5,340,345
12-01-75,341,345.5,338,341
11-28-75,347,353.25,341.5,342.5
11-26-75,349,349.5,344.5,347.5
11-25-75,359,361,346,348.5
11-24-75,340,357,340,357
11-21-75,332,338,332,336.5
11-20-75,334.5,336.5,328,332.5
11-19-75,339,340,331,334
11-18-75,350.5,351,341,343
11-17-75,351.25,356,350,352
11-14-75,347.5,354.5,347,351
11-13-75,349,352,341.5,348
11-12-75,354,354.5,342,350
11-11-75,367,368.75,354,354
11-10-75,369,369,360.5,363
11-07-75,371,375.5,369.5,370
11-06-75,379,380,369,372.5
11-05-75,379.75,384,378.5,380
11-04-75,377,381,372.5,379.5
11-03-75,383,383,374,375
10-31-75,392,394,385.5,387
10-30-75,390,397.25,388,395
10-29-75,387,392,384.5,389.5
10-28-75,382,385.5,377.5,384
10-27-75,388,388.5,378,378.5
10-24-75,394.5,401,390.5,392
10-23-75,394,395.5,388.5,392.5
10-22-75,396,399.5,391,397
10-21-75,414,416,393,395
10-20-75,405,417,405,414
10-17-75,411,411.5,403,405.5
10-16-75,406,412.5,404,410
10-15-75,413,414,402,405
10-14-75,404,416,402,414
10-13-75,407,410,404,406.5
10-10-75,417,419.5,414,419
10-09-75,413,416,408,415.5
10-08-75,422,425,410,414.5
10-07-75,422,425,420,421
10-06-75,417,419,411.5,417.5
10-03-75,412,416,410,413
10-02-75,428,428,409.5,412
10-01-75,431,433.5,428,429
09-30-75,427,432,426.5,429
09-29-75,433,434.5,426.25,428.5
09-26-75,436.5,439,434,436
09-25-75,428,438,428,438
09-24-75,422,429.5,422,426.5
09-23-75,435,435,424.5,426
09-22-75,434,437,422,434
09-19-75,429,434.5,426,432
09-18-75,432,434.5,425,425
09-17-75,420,434,419,431.5
09-16-75,416,422,416,419
09-15-75,415,423,414.5,415
09-12-75,411,423.5,411,421
09-11-75,411,411,404,406
09-10-75,411,414,409.5,410
09-09-75,405.5,410.5,403,406
09-08-75,413,414,406.5,408.5
09-05-75,417,419,414.5,418.5
09-04-75,411.5,418.5,411.5,417
09-03-75,404,414,398.5,413
09-02-75,402,402,388,398
08-29-75,414,416,400,406
08-28-75,424,429,406,409
08-27-75,417,425,410.5,424
08-26-75,438.5,438.5,420.5,420.5
08-25-75,448,449,438.5,441
08-22-75,444,448.5,439,447
08-21-75,438,450,435.5,447
08-20-75,438,443.25,434.5,439
08-19-75,414.25,425,414.25,423.5
08-18-75,417,424,402,412.5
08-15-75,414,424,413,416.5
08-14-75,401,414,400.5,412
08-13-75,396,408,396,405
08-12-75,379,401,378.5,393.5
08-11-75,382.5,386,381.5,384
08-08-75,385,392,381,385
08-07-75,380,394.25,380,394.25
08-06-75,367,378,366,374
08-05-75,368,372,365.5,370
08-04-75,373,380,370,371
08-01-75,371,371.5,365.5,370
07-31-75,364,371.5,359,366.5
07-30-75,376,376,361.5,363.5
07-29-75,393,395.5,377.5,381
07-28-75,379,395,379,391
07-25-75,378,384,374,375.5
07-24-75,356.5,375,356.5,368.5
07-23-75,360,364,356,356
07-22-75,358,362.75,353.75,356
07-21-75,354,355,349,353
07-18-75,356,356,344,346
07-17-75,371,374,357.25,357.25
07-16-75,360,374,359,370
07-15-75,349,362,349,359
07-14-75,355,371,347,349
07-11-75,345,362,345,361.5
07-10-75,335,352,332,342.5
07-09-75,323,337.5,321,332
07-08-75,305,322,304,322
07-07-75,300,309,300,302
07-03-75,295,304,295,298
07-02-75,293,298.5,293,295
07-01-75,301.5,302,295,296
06-30-75,298,303,298,301.5
06-27-75,308,310,301,301
06-26-75,309,312.5,307,308
06-25-75,324,324,310.5,311.5
06-24-75,315,322.5,313.5,322
06-23-75,321,327,316,316
06-20-75,313,326.5,312,324
06-19-75,316,317.5,311,312
06-18-75,324,324,315.5,317
06-17-75,308,325,308,325
06-16-75,297.5,306,297,305.5
06-13-75,295.75,298.5,293,298
06-12-75,299,299,296,296
06-11-75,302,304,300,300.5
06-10-75,307,309.5,301.5,302.5
06-09-75,296,306,296,304.5
06-06-75,295,297,294.5,296
06-05-75,300,301,297,297.5
06-04-75,304,306,300,301
06-03-75,296,301.75,296,300.5
06-02-75,304.5,304.5,295.5,295.5
05-30-75,306.5,309,304,306
05-29-75,308,313,306,307
05-28-75,305,313,304.5,309
05-27-75,318,318,308.5,309
05-23-75,326,326,320,322
05-22-75,325,328,323,324.5
05-21-75,320,326,316,324.5
05-20-75,322,335.5,316,318.5
05-19-75,310.5,324,309.5,323.5
05-16-75,312,313,310.5,312
05-15-75,317.5,318,314.5,315
05-14-75,320,325,319,320
05-13-75,322,328.5,320,323.5
05-12-75,320.5,321,316,319.5
05-09-75,319.5,326,319.5,320
05-08-75,317.5,319.5,313,319.5
05-07-75,317,321.5,315.5,317
05-06-75,310,314,308,313
05-05-75,317.5,318.5,313,313
05-02-75,320,325.5,316.5,321
05-01-75,332.5,333.5,316.5,317.5
04-30-75,337,341,334,336.5
04-29-75,345.5,346,339,339
04-28-75,343,349.5,340,347.5
04-25-75,340.5,346,340,343
04-24-75,340.5,343,337.5,338
04-23-75,334,340,334,339.5
04-22-75,341,342,336,336
04-21-75,345,347.5,342,344
04-18-75,350,351,347.5,348.5
04-17-75,350,353,347.5,351
04-16-75,349,352,347,350
04-15-75,360,363,346,347
04-14-75,358,362.5,354,358.5
04-11-75,357,364,357,360
04-10-75,372,372,358,360.5
04-09-75,372,375.25,369,373
04-08-75,370,377,366,372
04-07-75,379,379,369,372
04-04-75,375,378.5,372,377
04-03-75,385,385,375,375
04-02-75,385,387,382,385
04-01-75,389.75,390,380,384
03-31-75,377,390,377,387
03-27-75,372.5,377.5,371,375
03-26-75,373,382,369,378
03-25-75,366,369,361,368
03-24-75,370,371.5,361,364
03-21-75,360,373,360,370
03-20-75,358,364,355.5,358.5
03-19-75,355,357,346,352
03-18-75,366,366,357,358
03-17-75,362.5,370,362,367
03-14-75,362,363,359,361
03-13-75,368,375,364,365.5
03-12-75,373,373,363,370
03-11-75,361,374.5,358,373
03-10-75,351,356,345,354
03-07-75,369,369.5,354.5,354.5
03-06-75,363,379,358.5,365
03-05-75,356,365,356,360
03-04-75,348.5,362,346.5,354
03-03-75,342,346,328.5,345.5
02-28-75,349,354,342.75,347
02-27-75,370,371.5,362.5,362.5
02-26-75,369,373.5,367.5,370
02-25-75,380,384,375,375
02-24-75,378.5,384,374,380
02-21-75,388.5,392,380,380.5
02-20-75,386,390.5,381.75,388
02-19-75,388,392,381.5,385
02-18-75,406,406.5,392.5,393.5
02-14-75,411.5,412,405,408
02-13-75,404,415,401,412
02-12-75,410,414.5,404,404
02-11-75,397,410,396,409
02-10-75,402,404,398,398
02-07-75,395,403,393.5,400
02-06-75,388,394,386,393
02-05-75,391,393,386,388
02-04-75,392,399,388.5,393.5
02-03-75,374,389,373,386
01-31-75,387,387,376.5,380
01-30-75,390,392.5,380,391
01-29-75,388,401,381.5,391
01-28-75,387,398,380.5,390.5
01-27-75,401,408,388,389
01-24-75,393,406,391.5,406
01-23-75,375,398,373,398
01-22-75,390,392.5,377,378.5
01-21-75,388,395,384.5,395
01-20-75,370,379,364,379
01-17-75,390,395,384,384
01-16-75,421,423,404,404
01-15-75,423,428,423,424.5
01-14-75,420,429,417.5,426
01-13-75,431,431,419,420.5
01-10-75,419,426,419,424
01-09-75,426,427,417.75,421.5
01-08-75,418,423,409,422
01-07-75,439,439,421,421
01-06-75,446,448,431.5,441.5
01-03-75,458,458,449,449
12-31-74,451,459,451,458.5
12-30-74,457,458.5,447.25,453.25
12-27-74,450,457.5,448.5,456.5
12-26-74,459,462,444,450.25
12-24-74,461,462.5,455,459.25
12-23-74,470,470,461.5,462.75
12-20-74,468,473.5,467,472
12-19-74,423.5,440.25,423.5,426.875
12-18-74,458.5,461,455.5,456
12-17-74,455,457,450,453
12-16-74,467,467,454,455
12-13-74,465,471,462,462.5
12-12-74,468,470,464,467.25
12-11-74,464,471,462,466
12-10-74,466,469,464,464.25
12-09-74,469,469,454,461
12-06-74,477,483,473,473
12-05-74,484,488,482,482
12-04-74,487,488,474,480
12-03-74,475,493,475,488.5
12-02-74,486,488,476,479.5
11-29-74,485,491,481.5,490.25
11-27-74,495,495,481,484.5
11-26-74,477,496.5,476,493
11-25-74,473,482,473,476.5
11-22-74,463,476.5,462,472.25
11-21-74,479,479,465,467.25
11-20-74,482,490,478,482
11-19-74,453,481,448,479.5
11-18-74,478,479,466,466
11-15-74,487.5,490,484,486
11-14-74,495,497.5,488.5,491.5
11-13-74,487,498,482,491.5
11-12-74,507,511,492.5,492.5
11-11-74,519,520,512,512.5
11-08-74,514,515.5,511,512
11-07-74,515,516.75,510,514
11-06-74,518,525,515,515.5
11-04-74,515,521.5,514,515.75
11-01-74,516,521,514.5,515.5
10-31-74,525,527,518,520.75
10-30-74,515,525,507,524.5
10-29-74,516,518,505,515.5
10-28-74,529,529.5,511,512
10-25-74,516,536,514,527.5
10-24-74,527,533,523,526.5
10-23-74,528,528.5,521,524
10-22-74,521,530,518,527.25
10-21-74,516,525,514,520.25
10-18-74,520,522,513,514.5
10-17-74,506.5,521.5,505,517.5
10-16-74,512,520,509,512.25
10-15-74,525,529,511,517
10-14-74,510,521,503,519.5
10-11-74,518,529,502,516
10-10-74,519,522,516,517
10-09-74,512.5,523,509,519.5
10-08-74,487,509,487,504
10-07-74,504.5,504.5,504.5,504.5
10-04-74,522,535,507,524.5
10-03-74,507,516.5,507,516.5
10-02-74,482,497,481,496.5
10-01-74,497,501,475,477
09-30-74,481,498,481,493
09-27-74,479,488,471,478
09-26-74,460,480,459,473
09-25-74,459,466,455,460.75
09-24-74,455,461,450,456.75
09-23-74,460,461,450,452
09-20-74,450,455,446,446.75
09-19-74,433,433,427,432
09-18-74,437.5,438,433,433.5
09-17-74,425,435,422,435
09-16-74,426,431,418,421
09-13-74,433,438,431,436
09-12-74,445,450,431,436
09-11-74,429,435,429,435
09-10-74,428,437,428,428.25
09-09-74,418,436,418,434
09-06-74,423,428,421,424.5
09-05-74,423,429,415,423.5
09-04-74,400,420,391,416
09-03-74,425,429,406,406.5
08-30-74,428,430,424,424.25
08-29-74,430,437,429,432.5
08-28-74,423,436,423,431.5
08-27-74,416,429,412,425.5
08-26-74,438,439,426,426
08-23-74,449,450,437,439.5
08-22-74,442,451,437,442
08-21-74,420,439,419.5,438.5
08-20-74,430,439.5,422,422.5
08-19-74,434,442,428,429.5
08-16-74,433,442,428,434.5
08-15-74,435,443,427,429.5
08-14-74,471.5,471.5,443,444.5
08-13-74,451.5,451.5,451.5,451.5
08-12-74,417,432,417,431.5
08-09-74,439,442,426,428.5
08-08-74,454,454,438.5,445.5
08-07-74,457.5,464,453,458.5
08-06-74,443,457,436,453.5
08-05-74,431,452,422,444.5
08-02-74,437,437,432,432
08-01-74,460,465,452,452
07-31-74,463,475,452,472
07-30-74,475,477.25,458,458
07-29-74,465,478,465,478
07-26-74,468,471,456,458
07-25-74,472,476,460,463
07-24-74,453,464,453,461.5
07-23-74,443,466,439,446.5
07-22-74,423,438,423,432
07-19-74,455,456.5,433,434.5
07-18-74,425,436.5,424,436.5
07-17-74,420,428,412,416.5
07-16-74,439,444,420,420
07-15-74,440,455,438,438.5
07-12-74,453.5,453.5,439,439.5
07-11-74,438,442,432,433.5
07-10-74,438,445,437,437.5
07-09-74,447,461,445,447.5
07-08-74,456.5,456.5,455,456.5
07-05-74,438,442,432,436.5
07-03-74,445,455,438,445
07-02-74,425,444,419,439.5
07-01-74,420,431,418,431
06-28-74,411,422,411,411
06-27-74,450,454,431,431
06-26-74,445,475,445,451
06-25-74,465,466,457,457
06-24-74,467,477,467,477
06-21-74,447,459,441.5,457
06-20-74,428,444,426,443
06-19-74,406,425,405,425
06-18-74,411,419,402,405
06-17-74,387,405.5,385,405.5
06-14-74,385,387,380,385.5
06-13-74,388,394,384,388
06-12-74,384,395.5,376.5,387
06-11-74,358,381,355,380.5
06-10-74,369,370,360,361
06-07-74,365,367,359.5,365.5
06-06-74,370,372,356,359.5
06-05-74,359,377,359,374
06-04-74,350,359.5,349.25,357.5
06-03-74,347.5,353.5,345.5,351.75
05-31-74,360,365,351,352.5
05-30-74,360.5,364.5,355,357.5
05-29-74,360,367.5,352,360.5
05-28-74,341,348,335.25,347.5
05-24-74,343,344.5,337.5,340.5
05-23-74,337,345,335,341.5
05-22-74,348,349,340,340.5
05-21-74,335.5,346,331,346
05-20-74,346,352,336.5,336.5
05-17-74,358,360,350.5,353
05-16-74,367,371,356,365.5
05-15-74,345,366,345,365.5
05-14-74,353,365,347,347
05-13-74,346,354,336,349
05-10-74,339,350,339,342
05-09-74,350,350,341.5,341.5
05-08-74,350,363,344,361.5
05-07-74,336,349,336,348.5
05-06-74,342,348,341.5,341.5
05-03-74,372,374,360,361.5
05-02-74,370,373,359,371.5
05-01-74,383,384,364,368.5
04-30-74,391,397,380,384
04-29-74,389.75,395,389.75,391.5
04-26-74,437,437,409.5,409.75
04-25-74,409,415,408,409.5
04-24-74,409,415,408,409.5
04-23-74,413,415,406,407.5
04-22-74,414,424,411,416.5
04-19-74,413,420,411,411.75
04-18-74,411,414,403,411.5
04-17-74,428,429,415,417.5
04-16-74,442,443,429.5,435
04-15-74,431,448,430,447.5
04-11-74,432,432,420,431
04-10-74,425,437,418,427.5
04-09-74,440,440,423,425.5
04-08-74,432,441,418,436.5
04-05-74,413,433,408,427
04-04-74,416,437.5,414,422
04-03-74,407,417.5,407,417.5
04-02-74,410,422,396,397.5
04-01-74,422,425,411.5,414.5
03-29-74,452,454,431.5,431.5
03-28-74,468,469,451.5,451.5
03-27-74,488,488,471.5,471.5
03-26-74,468,493,458,491.5
03-25-74,493,494,473,475
03-22-74,483,490,477,489.5
03-21-74,482,485,464,477
03-20-74,514,523,508,516
03-19-74,525,526,512,514
03-18-74,500,520,498,515.75
03-15-74,530,530,512.5,512.5
03-14-74,533,538,526,532.5
03-13-74,550,550,541,541
03-12-74,547,551,539,551
03-11-74,537,549,526.5,547
03-08-74,561,562,546.5,546.5
03-07-74,566,575,550,566.5
03-06-74,573,580,562,562
03-05-74,589,593,582,582
03-04-74,598,610,590,602
03-01-74,588,600,571,593.5
02-28-74,581.5,593,581.5,581.75
02-27-74,625,629,601.5,601.5
02-26-74,636,645,620,621.5
02-25-74,628,642,627,635
02-22-74,615,627,604,624.75
02-21-74,630,631,608.5,613.5
02-20-74,631,639,622,628.5
02-19-74,627,637,618,629.5
02-15-74,629,631.5,621,631.5
02-14-74,611.5,611.5,600,611.5
02-13-74,597,611.5,588,591.5
02-11-74,590,597,586,591.5
02-08-74,568,585,566,580.5
02-07-74,558,568,556,567
02-06-74,560,563.5,555,558
02-05-74,552,567,547,560.5
02-04-74,574,574,551.5,551.5
02-01-74,570,574,561.25,571.5
01-31-74,571,576,557,564.5
01-30-74,585.5,590,567,571
01-29-74,584,600,580,585.5
01-28-74,595,595,580,595
01-25-74,575,575,575,575
01-24-74,557,562.5,547,555
01-23-74,564,566,547,547
01-22-74,565,572,558,567
01-21-74,543,568,540.5,568
01-18-74,567,569,547,548
01-17-74,527,579,565,566
01-16-74,573,574.5,559,569.5
01-15-74,582,587,573,579
01-14-74,581,591,581,589
01-11-74,585,585,566,573
01-10-74,572,586,560,583
01-09-74,587,593,567,567
01-08-74,578,592,572,587
01-07-74,565,575.5,564,575.5
01-04-74,554,557,548,555.5
01-03-74,562,563,545,556
01-02-74,543,563,539,554.5
12-31-73,539,548,536,546
12-28-73,518,536.5,515,535.5
12-27-73,513,520,505,518
12-26-73,516,524.5,502,507.5
12-21-73,513,522.5,513,521
12-20-73,514,523,512,518
12-19-73,509,525,504,518
12-18-73,560,565,529,530
12-17-73,535,548.5,524,548.5
12-14-73,547,547,527,528
12-13-73,550,560,530.5,544
12-12-73,572,578,547,549
12-11-73,555,563,545,563
12-10-73,554,559,535,543
12-07-73,539.75,555,535.5,553
12-06-73,511,535.5,511,535
12-05-73,529.5,529.5,498,515
12-04-73,492.5,509.5,492,509.5
12-03-73,482,492.75,482,491
11-30-73,493,496,481,485
11-29-73,509,511,485,501
11-28-73,487,499.5,482,499.5
11-27-73,459,480,456,479.5
11-26-73,479,490,460,464.5
11-23-73,475,481,464,479.5
11-21-73,477,488,470,473.75
11-20-73,468,485,462,476.5
11-19-73,475,481,463,467.5
11-16-73,462,474,457,470.5
11-15-73,487,497,464.5,464.5
11-14-73,458,484.5,455,484.5
11-13-73,460,470,457,464.5
11-12-73,445,459,437,454.5
11-09-73,458,458,438,442.5
11-08-73,452,464,452,454
11-07-73,450,456,442,449.5
11-06-73,453,460,442,450
11-05-73,436,451,426,451
11-02-73,437,437,425,436.5
11-01-73,428,436,418,434.5
10-31-73,427,438.5,424,431
10-30-73,405.5,434,405.5,419.5
10-29-73,425.5,425.5,425.5,425.5
10-26-73,466,476,445,445.5
10-25-73,484,486.5,453.5,464.625
10-24-73,464,473.5,454,473.5
10-23-73,430,453.5,428,453.5
10-22-73,437,450.5,431,433.625
10-19-73,430,435,425,430.5
10-18-73,420,438,417,436.5
10-17-73,415,420,402,418
10-16-73,432,441,422,422
10-15-73,449,455,442,442
10-12-73,468,470,456,462
10-11-73,475.5,484,465,472
10-10-73,489,502,475.5,475.5
10-09-73,490,497,474,495
10-05-73,466,482.75,465,479
10-04-73,481,486,463,470
10-03-73,455,475.5,455,475.5
10-02-73,465,465,451.5,456
10-01-73,492,492,471.5,471.5
09-28-73,480,492.5,475,491
09-27-73,475,490,463,472
09-26-73,501,503,479.5,479.5
09-25-73,515,515,496,498
09-24-73,503,516,494,511
09-21-73,522,523,506,508
09-20-73,534,539,521,524
09-19-73,513,513,498,509
09-18-73,530,535.5,516.5,516.75
09-17-73,536,548,534,536
09-14-73,531,533,521,533
09-13-73,500,515,500,515
09-12-73,521,535,501,501
09-11-73,504,521,502,521
09-10-73,495,519,490,500
09-07-73,499,500.5,486,500.5
09-06-73,445.5,480.5,445.5,480.5
09-05-73,465.5,475,460.5,460.5
09-04-73,505,505,477.25,480
08-31-73,501,507,485,496
08-30-73,510,514,492,495.5
08-29-73,494,511,484,511
08-28-73,490,500,488,491
08-27-73,536,536,503,508
08-24-73,518.5,520.5,498,519
08-23-73,488.5,510,488.5,502
08-22-73,523.25,543,508.5,508.5
08-21-73,512,528.5,495,528.5
08-20-73,508.5,508.5,508.5,508.5
08-17-73,488.5,488.5,470,488.5
08-16-73,470,487,468.5,468.5
08-15-73,514,514,477,487.5
08-14-73,494,494,494,494
08-13-73,474,474,474,474
08-10-73,454,454,454,454
08-09-73,434,434,434,434
08-08-73,424,424,424,424
08-07-73,414,414,414,414
08-06-73,404,404,404,404
08-03-73,394,394,394,394
08-02-73,381,384,370,384
08-01-73,374,374,374,374
07-31-73,364,364,364,364
07-30-73,344,354,344,354
07-27-73,341.5,348,334,344
07-26-73,344.5,344.5,341.5,344.5
07-25-73,334.5,334.5,331,334.5
07-24-73,321,324.5,317,324.5
07-23-73,306.5,314.5,304,314.5
07-20-73,332,350,307.5,322
07-19-73,307.25,307.25,307.25,307.25
07-18-73,288,299.375,288,297
07-17-73,302,303,289,291
07-16-73,292,299,291,299
07-13-73,283,289,282.5,289
07-12-73,281,283,276.5,280
07-11-73,266,273.75,266,273
07-10-73,260,265,260,263.5
07-09-73,274,274.5,263,265
07-06-73,280,282.5,272,274
07-05-73,291.75,292,278,280.5
07-03-73,285,286.5,278.5,286.5
07-02-73,271,278.625,271,278.625
06-29-73,260,270,260,268.5
06-28-73,266,266,259.25,261
06-27-73,256.5,267.25,256.5,266
06-26-73,257,263.5,252,257
06-25-73,263,264.75,259,260.5
06-22-73,278,278.5,265.5,266.5
06-21-73,268.5,279.75,268,276
06-20-73,281,284,273.25,274
06-19-73,283,286.75,277.5,282.5
06-18-73,278.75,287,275.5,280
06-15-73,287,289,279.75,279.75
06-14-73,290,298.5,289.75,289.75
06-13-73,285,300,284.625,299.5
06-12-73,293.5,293.5,288.5,293.5
06-11-73,279.5,283.5,279.5,283.5
06-08-73,268.5,277,267,273
06-07-73,268.25,268.25,268.25,268.25
06-06-73,283,287.5,278.25,278.25
06-05-73,301,303.25,285,288
06-04-73,288,293.25,286,293.25
06-01-73,283.5,289,278.5,284
05-31-73,282,286,281.25,281.25
05-30-73,299.5,304,291.25,291.25
05-29-73,301.375,301.375,287,301
05-25-73,286,291.375,285.5,291.375
05-24-73,284,288.875,276,281
05-23-73,282,289.625,269.625,279
05-22-73,276,279.625,270,279.625
05-21-73,274,275.25,267.625,267.625
05-18-73,257,265.25,255.5,265.25
05-17-73,247.5,255.5,247.5,255.25
05-16-73,248,250,247,249.25
05-15-73,247.5,252.5,247.5,251
05-14-73,240,246,237.75,244.75
05-11-73,238.5,240.5,235,240.5
05-10-73,238,238.5,236,237.5
05-09-73,242.5,244.5,237,237.5
05-08-73,245,248.5,243,243.75
05-07-73,242,246.5,242,245.5
05-04-73,239,244,238.5,242.75
05-03-73,235.5,241.5,235.5,240.25
05-02-73,238,241.5,235.5,236
05-01-73,245,252.625,239,239.5
04-30-73,244,244.5,240.5,242.625
04-27-73,243.25,245.25,241.25,243
04-26-73,249,254,245,245.5
04-25-73,245.25,249.75,241.75,249
04-24-73,248,248,242,245.75
04-23-73,241.75,248.5,241,247.5
04-19-73,238.25,243.75,238,241
04-18-73,236.25,238.5,236.25,238
04-17-73,240,240.5,236,238.25
04-16-73,236.5,241,235,241
04-13-73,231,234.625,230.5,233.75
04-12-73,230,234,229.5,231
04-11-73,224.5,229,223.5,228.5
04-10-73,230.5,230.5,226,227.25
04-09-73,227.5,231,226,230.25
04-06-73,228,230,224.5,225.5
04-05-73,232,235,227.75,228.25
04-04-73,228.5,235,227.5,233.25
04-03-73,230.5,230.5,225.5,227
04-02-73,224.5,229,224,228.5
03-30-73,224.25,225.25,220.5,222.5
03-29-73,223.625,226.25,218.125,221.5
03-28-73,223,227,221.5,222.5
03-27-73,215,225,214.75,223.75
03-26-73,221,221,213.5,215
03-23-73,221,222.5,216.5,218
03-22-73,214.5,222,211,220.25
03-21-73,229,229.5,219.5,219.5
03-20-73,228.5,232.25,227,229.5
03-19-73,228,232,227.25,229.25
03-16-73,227.5,234,227.5,231.75
03-15-73,230.5,234,230.5,232.5
03-14-73,226,232.375,223.25,230.75
03-13-73,224,229.5,222,222.25
03-12-73,236,237,229.125,229.25
03-09-73,237.5,241,237.5,239
03-08-73,248.25,248.25,241.5,241.5
03-07-73,245.5,252,245.5,248
03-06-73,245.5,247,243.5,244.5
03-05-73,238,246,238,244
03-02-73,255.25,255.25,242,243.75
03-01-73,239,250.5,239,250.5
02-28-73,236.5,241,230.5,240.5
02-27-73,238,243.25,235,235.5
02-26-73,244,246,239,239.75
02-23-73,255,255,246.625,246.625
02-22-73,255,257,250.5,256.25
02-21-73,238.75,249.875,235,249.25
02-20-73,240,245.75,236.75,240
02-16-73,235,237,230.25,235
02-15-73,223.25,229.5,222.75,228.5
02-14-73,225,230,221,223.25
02-13-73,239,245,226.875,228
02-12-73,227.5,236.875,227,236.875
02-09-73,223.5,227.75,217,226
02-08-73,226,227,222.625,222.625
02-07-73,237.5,241,232.625,232.625
02-06-73,252.25,253.5,242,242.25
02-05-73,252.5,254,250.125,251.5
02-02-73,249,254,248.5,252
02-01-73,245.75,250.75,245.75,247.5
01-31-73,245,247.75,244.5,246.75
01-30-73,243.5,248.25,242.5,244.5
01-29-73,253.25,253.25,245,245.5
01-26-73,252,256.25,251.5,252
01-24-73,252.5,253.75,246.25,246.75
01-23-73,250.75,254.5,249.5,253.5
01-22-73,248,255,244.5,251
01-19-73,263.75,263.75,250.5,250.5
01-18-73,264,266,260,261
01-17-73,273,273,264.5,267.5
01-16-73,270.5,272.25,267.5,271.75
01-15-73,268.75,268.75,264.75,267.25
01-12-73,264.75,268.25,264.75,268
01-11-73,271.5,271.5,263.375,263.375
01-10-73,267,273.375,265.25,273.375
01-09-73,256.75,263.5,256.5,263.25
01-08-73,258.75,259.75,255.5,257
01-05-73,261.75,264.5,257.75,259.5
01-04-73,267,268.5,262,262.5
01-03-73,258.5,264.75,258.25,264
01-02-73,264.75,264.75,258,259.25
12-29-72,264.875,266.875,263,264.125
12-27-72,263,265.875,262.75,264.375
12-26-72,264.5,267,264.5,264.875
12-22-72,257.5,265,256.5,261.125
12-21-72,254,260.375,254,260.375
12-20-72,249,252.25,247.25,250.375
12-19-72,256,261.25,250.625,250.625
12-18-72,265,268,260.5,260.625
12-15-72,272.5,272.5,267.25,270
12-14-72,267,272.75,266,269.5
12-13-72,269,272.5,261,265.25
12-12-72,268,269,264.5,268
12-11-72,259,263.75,258,261.5
12-08-72,257.5,258,254.25,256.125
12-07-72,254.25,254.5,250,252.5
12-06-72,258,260,252.75,254
12-05-72,261,262,255,258.875
12-04-72,253.5,259.25,252.25,256.5
12-01-72,249,255,248,253
11-30-72,243.5,247,243.5,245.75
11-29-72,240.75,244,240.75,243
11-28-72,243.75,246.5,239,241.75
11-27-72,241,245,241,243.625
11-24-72,233.5,240,233.375,239.75
11-22-72,227,232.25,227,231.875
11-21-72,227,228,226.25,227
11-20-72,229.75,230.5,226.75,227
11-17-72,226.5,230,226.25,229.375
11-16-72,232.5,233,226,228.5
11-15-72,225.125,230.5,225,230.25
11-14-72,225.25,227.75,224.5,225.875
11-13-72,222.25,225.5,222.25,224.25
11-10-72,221.5,223,220.5,221.375
11-09-72,225.5,226.5,222,222.625
11-08-72,226.5,227.25,224,225.5
11-06-72,223.5,225.875,223.5,225.625
11-03-72,221.25,225,220.125,224.375
11-02-72,218.75,221.5,218.25,221.25
11-01-72,220.5,222.5,218.5,219
10-31-72,221,222.75,218.5,220.75
10-30-72,215.5,221.25,214,221.125
10-27-72,216.75,218.25,214.75,216.625
10-26-72,216.5,218,214.75,216.75
10-25-72,218,219,216,216.75
10-24-72,213.5,217.5,212.5,217.25
10-23-72,218.5,219,214.25,214.5
10-20-72,217,217.5,214,216.875
10-19-72,222.5,222.75,219,219.25
10-18-72,221.25,223,219.25,221.25
10-17-72,222.5,224,220,221
10-16-72,220.25,223.25,219,222.75
10-13-72,214,219.25,214,219
10-12-72,219.25,220,215.75,217.75
10-11-72,217,219.25,216,218.5
10-10-72,213.25,215.75,212.25,214.75
10-09-72,210,212,209.5,211.25
10-06-72,210.5,211,208,210
10-05-72,207.25,210,206.875,208.75
10-04-72,212,212.5,206.625,207.25
10-03-72,211.5,212,209,211
10-02-72,213.5,213.5,210,211
09-29-72,217,217.75,213.5,215.75
09-28-72,211.5,215.75,208.5,215.25
09-27-72,214,215.75,209,209.75
09-26-72,218,219.25,212,213.5
09-25-72,218,220.5,215.5,218.5
09-22-72,223,223,218.75,221
09-21-72,218.25,218.625,215.5,218.25
09-20-72,213.5,216.25,210.5,211
09-19-72,226,226,213.5,217.25
09-18-72,215.875,224.5,215.875,223.5
09-15-72,207,214.75,207,214.75
09-14-72,199.25,205,196.75,205
09-13-72,201,201.25,198,199
09-12-72,197.5,200.875,196.75,200.25
09-11-72,191,194.5,191,193.625
09-08-72,190,192.5,188,191.75
09-07-72,190.5,192.25,189.375,190.75
09-06-72,194.5,194.5,191.5,191.75
09-05-72,193.75,194.25,190.5,194.25
09-01-72,186.25,192.75,186.25,192.5
08-31-72,186.75,186.75,184.25,186.25
08-30-72,186.75,188,185.25,186.625
08-29-72,182.75,186.25,182.5,185.75
08-28-72,185.5,188,183.25,183.25
08-25-72,184.5,187.25,183.75,184.5
08-24-72,188.75,191.5,185.75,185.75
08-23-72,185.125,190,185.125,188.5
08-22-72,180.25,186.75,179.5,184.625
08-21-72,180.5,183,179.75,180.5
08-18-72,180.5,182,180.5,181.5
08-17-72,179.25,180,177,179.75
08-16-72,179,179,174,178.125
08-15-72,178,178.5,175.75,177.125
08-14-72,180.25,181.25,179,179.875
08-11-72,181,183.5,180.5,181.25
08-10-72,175.25,179.75,175,177.375
08-09-72,176,177.25,173.5,174.375
08-08-72,176,182,175,179.25
08-07-72,174,181.5,174,180.25
08-04-72,166.25,175,166.125,172.125
08-03-72,163,169.5,163,167
08-02-72,158.875,159.625,157.5,159.625
08-01-72,158,159.5,157.75,159.125
07-31-72,155.625,158.375,155.625,157.25
07-28-72,153.375,155.375,153.25,155.375
07-27-72,155.75,155.875,153.125,153.25
07-26-72,156.875,157.125,156,156.125
07-25-72,156.5,157.75,156.5,157
07-24-72,154.875,157,154.5,156.125
07-21-72,155.125,155.5,154.25,154.875
07-20-72,154.25,155.75,153.25,153.25
07-19-72,152,157,152,154.5
07-18-72,149.5,152.375,149.5,152.25
07-17-72,149,149.5,148.25,148.25
07-14-72,148.5,151,148.5,148.75
07-13-72,150.75,150.75,148.5,148.625
07-12-72,152.25,153.625,149.5,149.5
07-11-72,149.375,154.875,149.375,153.75
07-10-72,153,153,149.375,149.375
07-07-72,151.375,151.375,149.25,150.75
07-06-72,149.75,151.5,147.875,151.5
07-05-72,150.5,150.75,148.5,148.75
07-03-72,146,149.75,146,149.5
06-30-72,143.25,145,143.25,144.875
06-29-72,141.75,143.5,141.75,143.25
06-28-72,143,143.375,141.875,142.125
06-27-72,141.25,143.375,141.25,142.875
06-26-72,140.125,141.875,140.125,141
06-23-72,141.125,141.25,140,140.125
06-22-72,142.125,142.25,141.25,141.375
06-21-72,142.75,142.75,142.25,142.25
06-20-72,143,143.25,142.5,142.625
06-19-72,143.375,143.375,142.75,143
06-16-72,142.625,143.5,142.5,143.375
06-15-72,144.375,144.375,142.875,143.125
06-14-72,143.125,145.5,143.125,144.5
06-13-72,141.25,143,141.25,142.75
06-12-72,142.375,142.5,141.5,141.5
06-09-72,143.125,143.375,142.5,142.625
06-08-72,143.25,143.625,143,143.125
06-07-72,142.625,144.125,142.625,142.875
06-06-72,142.625,143.5,142.625,142.875
06-05-72,143,143.375,142.75,142.875
06-02-72,145.25,145.25,143.5,143.625
06-01-72,145.375,146.25,145.25,145.625
05-31-72,145.75,145.75,145,145.625
05-30-72,146,146.375,145.75,146
05-26-72,146.625,147.625,145.75,147.375
05-25-72,148.25,149.125,147.375,147.375
05-24-72,146.25,147.5,146.125,147.5
05-23-72,145.625,146.125,145.375,145.75
05-22-72,145,145.5,144,145.25
05-19-72,165.5,165.75,156,157.5
05-18-72,163.75,165.5,163.75,165
05-17-72,164.25,164.5,162.625,163.5
05-16-72,162.875,163.875,162.75,163.625
05-15-72,162.5,162.875,162.25,162.75
05-12-72,163,163.25,162,162.25
05-11-72,163.75,163.75,161.75,161.75
05-10-72,162.75,163.75,162.75,163.125
05-09-72,162,164.125,161.75,162.625
05-08-72,161.5,163.375,161.5,162.75
05-05-72,161.25,162.125,161,161.875
05-04-72,161,162.125,160,161
05-03-72,163.875,164.375,161.25,162
05-02-72,164,164.5,162.5,164.5
05-01-72,163,165,163,164.375
04-28-72,163,164,162.125,163.125
04-27-72,162.375,165.125,162.375,163.875
04-26-72,159.25,162.875,159.25,162.375
04-25-72,158.75,159.375,158.375,158.5
04-24-72,157.25,158.5,157.25,158.5
04-21-72,156.5,157.5,156.5,157.25
04-20-72,155.5,156.75,155.5,156.375
04-19-72,157.25,157.875,156,156
04-18-72,158.625,159,156.375,158
04-17-72,159.5,160,158,158
04-14-72,160.75,162,159.75,160.5
04-13-72,163.375,163.5,161.5,162.125
04-12-72,162.875,163.25,161.5,163.25
04-11-72,161.75,163,161.25,162.625
04-10-72,162,162.375,160.375,161.5
04-07-72,158.75,161,158.75,160.875
04-06-72,159.625,160,158,158.25
04-05-72,159.5,160.5,159,159.25
04-04-72,157.25,159,157.25,159
04-03-72,157.5,157.75,157,157.125
03-30-72,158.25,158.375,157.375,157.75
03-29-72,158.375,158.625,158,158.375
03-28-72,158,158.25,157.375,158.125
03-27-72,158.5,158.75,157.625,158.25
03-24-72,157.125,159.125,157.125,158.375
03-23-72,155.875,157.25,155.625,156.75
03-22-72,156.25,157.25,155.75,156.5
03-21-72,162.25,163.75,161.25,163
03-20-72,161.75,162.75,161.5,162.5
03-17-72,162.5,163,161.625,162.25
03-16-72,160.875,162.5,160.875,161.875
03-15-72,159,161.5,159,161
03-14-72,161,161.75,159.5,159.5
03-13-72,162.5,162.5,161.125,161.5
03-10-72,162.5,163,161.5,162.75
03-09-72,161.75,163.375,161.75,162
03-08-72,160.5,160.875,159.5,160.625
03-07-72,159.5,161.375,159.5,160
03-06-72,161.5,162.25,160,160.125
03-03-72,161.5,162.25,161,161.75
03-02-72,160.75,162,160.25,161.625
03-01-72,163.875,164,159.5,160
02-29-72,164.5,164.5,162.5,163.25
02-28-72,164.25,164.875,163.375,164.875
02-25-72,162,164,161.75,163.875
02-24-72,161.5,163,161.25,162
02-23-72,158.625,161.25,158.375,160.5
02-22-72,160.5,160.5,158.625,158.875
02-18-72,161,161.75,159.375,159.875
02-17-72,161.75,162,160.25,161
02-16-72,159.625,161.375,159.625,161.25
02-15-72,159,160.375,158.25,159.625
02-14-72,161,161,159.375,160.25
02-11-72,158.5,161.5,158.5,161.5
02-10-72,159.5,159.5,158,158.5
02-09-72,162,162.625,155.5,158.75
02-08-72,160.5,162,160.5,162
02-07-72,159.875,160.75,159.875,160.125
02-04-72,159,159.875,158.75,159.375
02-03-72,158.5,159.75,158.5,159.25
02-02-72,158.375,160.75,158.25,159.375
02-01-72,164,164.25,158.5,159.125
01-31-72,166,166.25,164.375,164.625
01-28-72,165.5,167,165.5,166.75
01-27-72,166,166.25,165.375,165.875
01-26-72,165.75,166.5,164.625,166.125
01-25-72,165.875,167.125,165.5,167
01-24-72,166.75,167.125,164.25,165.125
01-21-72,166.75,167.5,166,166.375
01-20-72,165.5,166.625,165.5,166.125
01-19-72,165.5,167.25,165.25,165.25
01-18-72,166.75,166.875,164.625,165.75
01-17-72,168.875,168.875,166.5,166.625
01-14-72,164,167.5,164,167.5
01-13-72,163.25,164,163.125,163.875
01-12-72,162.75,163.5,162.25,162.875
01-11-72,161.75,162.875,160.25,162.75
01-10-72,160,162,159.75,161.75
01-07-72,161.875,162.5,160.875,161.125
01-06-72,163.25,163.25,160.5,162
01-05-72,162.25,163.75,162.125,162.875
01-04-72,161.625,161.875,161.125,161.625
01-03-72,162.75,163.375,161.875,161.875
12-30-71,163.5,164.125,163.125,163.125
12-29-71,164,165,163.375,163.375
12-28-71,161.875,164.5,161.25,164.125
12-27-71,161,161.5,160.25,161.375
12-23-71,160.125,161.875,159.625,161.375
12-22-71,159,160.75,159,160.375
12-21-71,162,162.25,159.875,160.375
12-20-71,177,179,173,179
12-17-71,172,173,165,173
12-16-71,180,180,172,173
12-15-71,179,182,178,181.875
12-14-71,179,179.875,177,179.25
12-13-71,174.25,177,173.5,177
12-10-71,173.5,175,172.75,174.5
12-09-71,172,175.5,169.75,174.75
12-08-71,167.625,169,167.625,168.5
12-07-71,167.75,167.75,166.125,167.75
12-06-71,169,169.25,166,167.75
12-03-71,170.125,170.625,165.5,168
12-02-71,171.25,171.5,168.5,169.75
12-01-71,167,170.5,166.5,170.5
11-30-71,167,167,164.25,165.875
11-29-71,165,168,165,166.75
11-26-71,164.5,165.875,164,165.75
11-24-71,162,163.25,161.25,163
11-23-71,161.125,162.25,159.75,161.875
11-22-71,158.75,160.875,158.25,160.75
11-19-71,160.625,162.5,157.875,158.25
11-18-71,164.5,164.625,160.75,160.75
11-17-71,162.5,165,162.375,164.875
11-16-71,166,166,162.5,164.125
11-15-71,165.5,166.875,164.75,165.875
11-12-71,162.75,164.75,162.375,164.625
11-11-71,161.75,163.5,161.25,163.375
11-10-71,163.375,164.25,162.625,163
11-09-71,163.5,163.875,162.5,163.625
11-08-71,165.75,165.75,163.375,163.875
11-05-71,163,165,162.875,164.875
11-04-71,160.25,162.625,160.125,162.375
11-03-71,160,161,159.75,160.375
11-02-71,159.25,161.125,159.25,160.125
11-01-71,161.25,161.25,159.375,159.625
10-29-71,160.875,162,159.625,161.375
10-28-71,161.625,162.625,160.375,161
10-27-71,158,162,157.875,161.375
10-26-71,159.375,159.625,157.5,158.125
10-25-71,159.625,159.875,158.5,159.375
10-22-71,160.5,161.125,158.5,159.25
10-21-71,158.125,160.5,157.25,160.375
10-20-71,158.25,159.5,157.5,157.75
10-19-71,157.25,158.25,155.75,158
10-18-71,156.875,158.75,156.625,158.25
10-15-71,155.25,157.5,155,156.75
10-14-71,150.25,155,150.25,154
10-13-71,151.875,152.5,148.25,148.875
10-12-71,150.375,151.625,150,151.375
10-11-71,149.375,150.5,149,150
10-08-71,148.75,150,148.375,148.875
10-07-71,147.75,149.25,147.125,149
10-06-71,148.125,148.75,147.875,148.125
10-05-71,147.125,148.375,146.5,148.125
10-04-71,147.5,147.625,146.5,146.875
10-01-71,146.625,149,146.625,148.5
09-30-71,144.875,147.375,144.75,146.875
09-29-71,144.25,145.875,143.75,145.75
09-28-71,145.25,145.875,144.75,144.875
09-27-71,146.25,146.75,146.125,146.25
09-24-71,144.875,146.5,144.625,145.875
09-23-71,145,145.5,144.25,144.625
09-22-71,144.625,146.5,143.75,145.5
09-21-71,144,145.25,143.75,145
09-20-71,142.75,147.25,142.75,144
09-17-71,142.5,142.5,141.625,142.125
09-16-71,144.625,144.625,140.75,142
09-15-71,146.5,148.125,145.5,145.5
09-14-71,145.375,147.375,145.375,147.375
09-13-71,145.5,147.375,145.5,145.625
09-10-71,149.625,149.75,147.25,147.25
09-09-71,150.5,150.625,149.25,150
09-08-71,151.25,152,150.75,150.875
09-07-71,151.25,153.25,151.25,152.375
09-03-71,149,151.5,149,151.25
09-02-71,148.125,150.25,147.5,150.25
09-01-71,147.5,148,147,147.5
08-31-71,149.75,149.875,148.125,148.25
08-30-71,148,150,147,149.625
08-27-71,145,148,145,148
08-26-71,144.375,146,143.875,145
08-25-71,144.75,145,144.375,144.5
08-24-71,142.875,146,142.5,145.75
08-23-71,142.75,143.125,142.375,143
08-20-71,143.25,143.75,142.875,143.25
08-19-71,142.5,143.875,142.375,143.125
08-18-71,143.25,143.625,142.5,143.25
08-17-71,142.625,143.125,141.75,142.75
08-16-71,146,146.5,142.5,143.25
08-13-71,143.125,144.5,142.5,144.5
08-12-71,140.875,143,139.75,143
08-11-71,142,142,141.25,141.5
08-10-71,143.5,143.5,142.25,142.375
08-09-71,143.25,144,142.5,143.25
08-06-71,141.5,143.5,141,142.5
08-05-71,144.75,144.75,142.75,143.25
08-04-71,147.125,147.375,145.5,145.75
08-03-71,147.375,147.375,145.375,147.125
08-02-71,147.875,148.375,146.625,147.375
07-30-71,147.25,148.5,147.25,147.625
07-29-71,147.5,147.5,146.25,147.25
07-28-71,147,147.25,145.5,146.625
07-27-71,151.75,152.25,148,148.25
07-26-71,150.875,151.75,150.75,151.5
07-23-71,152.75,152.75,150.75,151
07-22-71,154,154.25,152.25,152.5
07-21-71,152,152.5,147.75,148.125
07-20-71,155.5,155.75,154,154
07-19-71,155.625,156.5,155.375,155.875
07-16-71,155,155.875,153.75,155.75
07-15-71,156.75,157,153.25,154
07-14-71,155.5,157.875,155.125,156.5
07-13-71,152,153.5,151.625,153.125
07-12-71,151.5,153.5,151,152
07-09-71,153.5,154.25,152.5,152.5
07-08-71,154.5,155.25,154,154
07-07-71,155.75,155.875,154.75,154.75
07-06-71,155.5,157.125,155,155.625
07-02-71,158.75,159,157.75,157.875
07-01-71,158.5,159.125,157.625,158.75
06-30-71,156.375,158.25,156.25,156.75
06-29-71,158.875,159.75,157,157.25
06-28-71,159,160.625,158,159
06-25-71,158.625,160.5,158.5,159.25
06-24-71,159.25,159.75,157.875,158.125
06-23-71,162.75,162.75,160.5,161.125
06-22-71,160.75,162.625,160.125,162.125
06-21-71,160.75,162,160.125,160.125
06-18-71,163.125,164,162.125,162.25
06-17-71,166.25,166.5,163.5,164.75
06-16-71,162.75,166.5,162.75,165.75
06-15-71,163.25,163.25,161.75,161.875
06-14-71,165.5,166.125,163.5,163.625
06-11-71,164.5,167.25,164,166.125
06-10-71,168.875,168.875,163.25,165.75
06-09-71,156.625,159.125,156.5,159
06-08-71,155.375,156.875,154.875,156.75
06-07-71,157.75,157.75,156,156
06-04-71,158.25,159.625,157.75,158.375
06-03-71,155.75,158.25,155.625,158.125
06-02-71,156.375,156.375,154.75,155.125
06-01-71,156.75,157,155.375,156.875
05-28-71,158,159.75,155.75,157.5
05-27-71,155.25,157.875,154.5,157.625
05-26-71,152.75,154.625,152.375,154.125
05-25-71,150.125,153.5,150.125,152.625
05-24-71,150.125,150.875,149.625,149.75
05-21-71,149.5,150.25,149.25,150.125
05-20-71,149.5,150.75,148.625,149.5
05-19-71,161.5,170,161.5,170
05-18-71,160.625,161,159.625,160.875
05-17-71,159.25,160.75,158.75,160.75
05-14-71,159.25,161.375,159.25,159.5
05-13-71,160.625,161.625,158.875,159.75
05-12-71,158.75,161,158.75,160.625
05-11-71,158.5,159,158,158.375
05-10-71,158,159.875,158,158.875
05-07-71,159.25,159.5,158.5,158.5
05-06-71,160.375,161.375,158.25,158.25
05-05-71,159.25,160.75,158.625,160.625
05-04-71,157.75,158.375,157.375,158.25
05-03-71,158.75,159.875,157.25,157.875
04-30-71,159.25,159.75,158.375,158.75
04-29-71,158,159.375,158,159.25
04-28-71,157.625,158.625,157.625,158.5
04-27-71,157.25,158,157.125,158
04-26-71,158.625,159.5,157.75,157.875
04-23-71,161.5,161.625,159.375,159.5
04-22-71,162.5,162.75,161.375,162
04-21-71,161,161.625,160.875,161
04-20-71,160.125,161.125,160,160.625
04-19-71,160.375,161.5,160.25,160.375
04-16-71,163,163,161,161.125
04-15-71,163.5,165,163,164.5
04-14-71,165.5,166.5,163.75,165
04-13-71,166,166.375,165,165.5
04-12-71,163.75,166.125,163.75,166
04-08-71,160.875,162.875,160.75,162.25
04-07-71,161.875,162.125,160.125,160.125
04-06-71,160.25,161.375,159.75,161.375
04-05-71,161.875,161.875,159.75,159.875
04-02-71,160.25,161.625,159.625,161.375
04-01-71,158.5,160.5,158.25,160.5
03-31-71,158,158.625,157.625,158.125
03-30-71,158.375,159.125,157.25,157.625
03-29-71,158.125,158.75,157.875,158.25
03-26-71,158.75,159.25,158.125,158.125
03-25-71,159.25,159.625,158.625,159.125
03-24-71,160.25,160.75,159.25,159.25
03-23-71,159.75,161.125,159.375,160.125
03-22-71,161,166,159.25,162
03-19-71,162.625,162.75,160.375,161.5
03-18-71,161,161.875,160.5,161.5
03-17-71,163,163,161,161
03-16-71,165,165,163.125,163.5
03-15-71,166.625,167,165.125,165.25
03-12-71,166.5,168,166.5,167.375
03-11-71,167,167.25,166.625,166.875
03-10-71,167.125,167.375,166.875,167
03-09-71,167.625,168,167.5,167.5
03-08-71,168,168.125,167.5,168
03-05-71,167.125,168.75,167.125,168.625
03-04-71,167.75,167.875,167,167.5
03-03-71,168.375,168.75,167.625,168
03-02-71,167.25,169,167.25,168.375
03-01-71,167.125,167.5,166.75,167.25
02-26-71,166.125,167.25,166.125,167.125
02-25-71,164.875,166.375,164.625,165.625
02-24-71,167,167.125,164.5,165
02-23-71,167.75,168,167.25,167.5
02-22-71,168.5,168.75,167.375,167.5
02-19-71,169,169.375,168.75,169
02-18-71,169.625,170.375,168.875,169
02-17-71,167.5,169.375,167.5,169.25
02-16-71,169.25,169.25,168,168.125
02-12-71,169.125,169.25,168.625,168.75
02-11-71,169.25,170.25,168.875,169.375
02-10-71,170.25,170.625,169.125,169.5
02-09-71,172,172.125,170.375,170.625
02-08-71,170.75,171.75,170,171.625
02-05-71,169.75,170.75,169.5,170.375
02-04-71,169.75,170,168.5,169.625
02-03-71,169.5,169.75,169,169.25
02-02-71,168,169.75,168,169.75
02-01-71,166.75,167.25,166,167.125
01-29-71,166,167.25,166,166.5
01-28-71,165,166.125,164.625,165.125
01-27-71,165.75,166.5,164.5,165
01-26-71,166.75,167.5,166.125,166.375
01-25-71,169.125,169.75,167.25,168
01-22-71,169.625,170.5,169.5,170
01-21-71,170.625,170.875,169.25,169.5
01-20-71,169.625,170.875,169.625,170.375
01-19-71,169.5,170,168.875,170
01-18-71,171.625,172.375,169.5,170
01-15-71,170.875,172.625,170.625,172.5
01-14-71,169.75,171,169.25,170.875
01-13-71,170.375,170.875,169.75,170.25
01-12-71,170.75,171.375,169.75,170.25
01-11-71,168.75,171.5,168.25,170.75
01-08-71,166.625,168.5,166.25,168.375
01-07-71,166.875,167.75,166.375,166.625
01-06-71,168.5,169,167.125,167.125
01-05-71,168,168.625,167.25,168.625
01-04-71,169,169.125,167.75,167.875
12-31-70,167.75,168.5,167.375,168.5
12-30-70,168.875,169,167.625,167.75
12-29-70,169.75,170,168.875,169
12-28-70,170.5,170.625,168.75,169.125
12-24-70,169,170.375,168.5,170.125
12-23-70,168,168.75,167.25,167.625
12-22-70,165.75,168,164.75,167.875
12-21-70,166.75,167.25,164.5,167
12-18-70,167.5,168.75,167.5,168.125
12-17-70,167.875,168.875,167,167.625
12-16-70,165.75,168.875,165.75,168
12-15-70,164.25,164.5,163.5,164.5
12-14-70,164.5,165,163.25,163.25
12-11-70,166.25,166.875,165.75,165.75
12-10-70,167.75,167.75,165,165.5
12-09-70,168,169,167.375,168
12-08-70,169.5,170.875,169.25,169.75
12-07-70,172.25,172.5,170.875,171
12-04-70,171.25,172.25,171.25,171.875
12-03-70,171.25,171.5,169.625,170.75
12-02-70,172.375,173,171.25,171.375
12-01-70,170.5,172.375,170.25,172.25
11-30-70,170.25,172,168.5,170.25
11-27-70,166.625,169.875,166.375,169.75
11-25-70,168.25,168.25,167,167.25
11-24-70,170.25,170.75,167,168
11-23-70,170,170.5,169.625,170.5
11-20-70,170.25,170.75,169,170.25
11-19-70,169,170.25,168.25,169.375
11-18-70,170.5,171.375,169.25,169.5
11-17-70,171.25,172.125,168.75,170.125
11-16-70,175.875,176.375,170.75,171.125
11-13-70,176,176.25,175.25,176
11-12-70,175.75,176.25,175,176
11-11-70,176,176.75,174.25,176
11-10-70,176.125,177,175.25,175.875
11-09-70,176.625,177.625,175.25,176.75
11-06-70,179.25,179.25,176,176.5
11-05-70,178.75,179.375,178.125,179
11-04-70,176,178.25,175.75,178.125
11-02-70,174.875,175.75,174.875,175.75
10-30-70,173.75,174.75,173.75,174.5
10-29-70,173.25,175,173.25,174.125
10-28-70,176.5,176.5,174.125,174.125
10-27-70,175.5,176.375,174.75,175.625
10-26-70,176.75,177,174.75,175
10-23-70,173.625,177,173.5,176.875
10-22-70,171.25,174,170.875,174
10-21-70,171.5,172,170.25,171.125
10-20-70,170.75,171.5,170.5,171.125
10-19-70,171.25,171.75,170.875,171.125
10-16-70,172.125,172.5,171.5,171.75
10-15-70,170.625,172.25,170.5,172.125
10-14-70,170.625,171,169.5,170.75
10-13-70,170,170.25,169.375,170.25
10-12-70,170.5,171.25,170.375,171.125
10-09-70,172.625,172.875,170.125,170.125
10-08-70,172,173.125,171.875,172.25
10-07-70,170.5,171.5,170,171.375
10-06-70,171,171.75,170,170.625
10-05-70,172,172.75,171.375,171.375
10-02-70,168,169.75,167.75,169.375
10-01-70,167.75,168.5,167.125,168
09-30-70,168.25,168.75,166.75,168.375
09-29-70,169.625,170,168.875,169
09-28-70,168.875,170.125,168.5,169.75
09-25-70,167,169.5,167,169.5
09-24-70,170.5,170.75,168.125,168.25
09-23-70,170.75,171.625,169.5,170.75
09-22-70,169.5,171,168.875,170.75
09-21-70,166.75,167.25,164.25,167
09-18-70,164,167,164,166.875
09-17-70,168,168,161.25,163.75
09-16-70,168.25,169.125,167.5,167.75
09-15-70,169.25,169.5,167.25,167.75
09-14-70,167,168.625,167,168.625
09-11-70,165.875,166.875,165.25,166.875
09-10-70,166.25,167.5,166.25,166.75
09-09-70,164.125,167.5,164.125,166.625
09-08-70,162.75,164.75,162.25,164.125
09-04-70,158.375,163.625,158.375,163.375
09-03-70,158.25,159.5,158.25,159.375
09-02-70,156.25,157.5,154.875,157.375
09-01-70,158,158,156,156.25
08-31-70,159.375,159.75,158.125,158.375
08-28-70,157,159.5,157,159.375
08-27-70,156.5,158.5,156,157.75
08-26-70,158.25,158.5,155.75,157.25
08-25-70,156,158.25,156,158.25
08-24-70,153.75,155.25,152.5,155.25
08-21-70,152,153.25,151,153.25
08-20-70,156.5,156.75,154,155
08-19-70,156.5,157,154,157
08-18-70,161.75,161.75,149.75,151.5
08-17-70,159.75,159.75,154.5,159.75
08-14-70,150.25,150.25,148.875,149.75
08-13-70,149.25,150.25,148.25,150
08-12-70,148.25,148.875,147.25,148.875
08-11-70,146.875,147.5,146.5,147.5
08-10-70,146.5,147,145.875,146.75
08-07-70,145.875,146.875,145.625,146.375
08-06-70,146.25,146.5,145.625,146.25
08-05-70,147.25,147.375,143.75,145.875
08-04-70,147.625,148.25,147.5,147.5
08-03-70,146.875,147.625,146.625,147.375
07-31-70,146.875,147.5,146.25,147.125
07-30-70,148,148.5,146.75,147
07-29-70,147.125,147.5,146.5,147.5
07-28-70,148,148,145.75,146
07-27-70,147.375,149,147,147.75
07-24-70,148.5,148.5,146.5,146.5
07-23-70,144.75,148,144.25,147.625
07-22-70,140.75,142.5,139.75,142.25
07-21-70,141.625,141.625,140.375,140.625
07-20-70,141.25,141.75,140.875,141.625
07-17-70,143.25,143.5,141.375,141.625
07-16-70,143.5,143.75,142,142.5
07-15-70,141.875,143.75,141.25,143.25
07-14-70,142.5,143.25,142.125,142.75
07-13-70,143.5,144,142.5,143.625
07-10-70,142.5,142.875,141.875,142.25
07-09-70,142.25,143,141.5,142
07-08-70,139.5,142.375,139.5,142.25
07-07-70,138.25,139.25,138.25,138.75
07-06-70,137.25,138.875,137.25,138
07-02-70,136.5,137.625,136.125,136.875
07-01-70,139.5,139.625,136.875,136.875
06-30-70,141.5,142.25,139.625,139.75
06-29-70,140,143.875,139.625,141.25
06-26-70,141.375,141.5,139.625,139.875
06-25-70,138.25,140.75,138.25,140.75
06-24-70,137.625,138.625,137.625,138
06-23-70,136.5,138.875,136.25,137.75
06-22-70,136.625,137,136.5,136.625
06-19-70,137.25,137.375,136.75,136.75
06-18-70,136.125,137.375,136.125,136.5
06-17-70,137.125,137.125,136.5,136.625
06-16-70,138.375,138.625,137.25,137.375
06-15-70,139.875,140.375,138.25,138.5
06-12-70,138.75,139.625,138.375,139.375
06-11-70,136.25,139.375,136.25,138
06-10-70,135,136.125,135,135.875
06-09-70,134.625,135.5,134.375,135.125
06-08-70,134.125,134.75,133.25,134.75
06-05-70,135.25,135.375,134.375,134.625
06-04-70,135.5,135.75,135,135.25
06-03-70,135.5,136,135.375,135.875
06-02-70,134.25,135.25,134.125,135.125
06-01-70,134.625,134.875,134.25,134.75
05-28-70,135.5,136.375,134,134.5
05-27-70,135.625,136.25,134.75,135.25
05-26-70,137,137.5,134.875,135.375
05-25-70,138,138.25,136.625,137
05-22-70,137.125,138,136.375,137.875
05-21-70,136,137.25,135.5,137
05-20-70,135,135.5,133.75,135.5
05-19-70,150.25,150.25,147.625,150
05-18-70,149,150,147.625,149.875
05-15-70,145.5,148.5,145.5,148.5
05-14-70,148,148.25,145.25,145.25
05-13-70,149,149.375,148.125,148.5
05-12-70,148.75,149.625,148.25,149
05-11-70,149.375,149.375,147.625,148
05-08-70,148,149.5,148,149.25
05-07-70,146,148.25,146,148.25
05-06-70,149.75,150.125,146,146.125
05-05-70,148.75,150.125,148.25,148.75
05-04-70,150.5,151.375,148.375,149.375
05-01-70,151.25,151.75,150.5,151
04-30-70,152,153,151,151.125
04-29-70,150.5,152.5,150,152.25
04-28-70,150.5,151.875,150.25,150.75
04-27-70,150.125,151.875,150,151
04-24-70,149.25,150.5,148,150.5
04-23-70,149.375,149.75,148.625,148.875
04-22-70,150.25,150.5,149.375,149.625
04-21-70,148.625,150.25,148.625,149.75
04-20-70,149.125,149.25,148.5,148.625
04-17-70,150.625,150.75,148.625,149.125
04-16-70,150.125,150.25,149.75,150.125
04-15-70,147.875,149.25,147.5,149.25
04-14-70,146.5,147.5,146.125,147.5
04-13-70,146.25,146.375,145.5,145.875
04-10-70,146.25,146.875,146,146.375
04-09-70,147.125,147.75,146,146.375
04-08-70,148,148.125,146.5,147
04-07-70,146.625,147.625,146.625,147.5
04-06-70,145,146.5,145,146.5
04-03-70,145.375,145.5,144.75,145.125
04-02-70,144.625,145.25,144.5,145.125
04-01-70,144.625,145,144.5,144.5
03-31-70,143.875,144.375,143.625,144.25
03-30-70,145.375,145.375,144,144.125
03-26-70,145,145.625,145,145.375
03-25-70,144.375,145,144.25,144.875
03-24-70,144.75,144.875,144.375,144.375
03-23-70,143,144.875,143,144.625
03-20-70,143.875,144,142.875,143.25
03-19-70,148,148.5,145.75,145.75
03-18-70,148,148.75,146.625,147.5
03-17-70,151.75,151.875,148,148
03-16-70,150.75,152.25,150.625,151.875
03-13-70,150.75,151.25,150.25,151
03-12-70,152.375,152.375,151,151.25
03-11-70,150.125,152.25,150,151.875
03-10-70,150,150.875,149.5,150.25
03-09-70,150.375,150.5,150,150.125
03-06-70,150.75,151,149.875,150.625
03-05-70,151,151.25,150.125,150.5
03-04-70,150.5,151.5,150.5,150.75
03-03-70,152.25,152.5,150.25,150.625
03-02-70,151.375,153.375,151.375,152
02-27-70,152.625,153,152.25,152.375
02-26-70,152.5,153.25,151.875,152.5
02-25-70,153.375,153.5,152,152.5
02-24-70,154,154.25,153.375,153.75
02-20-70,152.25,153.75,151.75,153.75
02-19-70,153.875,154,151.5,153
02-18-70,152.75,153.75,152.75,153.75
02-17-70,152.75,152.75,151.625,152
02-16-70,150.25,152.625,150.125,152.5
02-13-70,149.5,150.5,149,149.875
02-12-70,150.5,150.625,149.5,149.625
02-11-70,148.5,150,148.5,149.75
02-10-70,147.5,148.125,147.125,147.875
02-09-70,144.75,146.75,144.75,146.625
02-06-70,144.25,145,144.25,144.625
02-05-70,143.75,144.5,143.5,144.125
02-04-70,144.25,144.25,143.375,144
02-03-70,143.625,144.375,143.625,144.125
02-02-70,143.375,143.75,142.875,143.625
01-30-70,143.5,144,143.375,143.75
01-29-70,143.375,144,143.375,143.625
01-28-70,143,143.625,142.75,143.5
01-27-70,143.25,143.5,142.625,143.125
01-26-70,145.125,145.25,143.5,143.75
01-23-70,145.5,145.625,144.875,145.25
01-22-70,145.25,145.75,144.5,145.5
01-21-70,146.375,146.375,145.25,145.25
01-20-70,144.625,146.5,144.625,146.5
01-19-70,144.5,145,144.5,144.625
01-16-70,144,144.75,144,144.25
01-15-70,144.75,145,144,144.25
01-14-70,144.75,145.25,144.75,144.875
01-13-70,144.625,145,144.625,144.875
01-12-70,145,145.25,143.5,144.375
01-09-70,146.625,146.75,145.5,145.625
01-08-70,146.875,147.375,146.625,146.75
01-07-70,146.25,147.125,146.125,146.875
01-06-70,144.875,146.25,144.75,146
01-05-70,146.625,146.75,144.875,145.375
